seed	s	m	bene_prop	var_prop	median_tract	mean_tract	iDAT_score
1000	0	0.662609795667231	0.5988372	0.002375498	17.19291	17.04197	-0.779207725404903
100	0	0.708770617120899	0.6656977	0.001563713	17.73362	17.41389	-1.01534749386937
101	0	0.718118200474419	0.7936047	0.003232099	17.76726	17.33579	-1.04084690994924
102	0	0.69693881419953	0.6773256	0.001450527	17.62219	17.20553	-0.710898917825676
103	0	0.713659104052931	0.6744186	0.002972617	17.22409	16.9553	-0.370664124489237
104	0	0.734674113895744	0.6627907	0.002407964	17.70832	17.39438	-1.06301685812881
105	0	0.680483040865511	0.6860465	0.001888885	17.57635	17.11271	-0.903492270032539
106	0	0.739764877315611	0.6686047	0.001633703	17.74677	17.40795	-0.822151929435257
107	0	0.730178647255525	0.8081395	0.003099382	17.89609	17.63837	-1.13671813895593
108	0	0.71814947144594	0.744186	0.00173928	17.52519	17.19779	-0.735520450711961
109	0	0.689154352457263	0.6569767	0.002826822	17.3876	17.07601	-0.506274906313746
10	0	0.672011961508542	0.747093	0.001754271	17.76555	17.47339	-1.28424207757842
110	0	0.701799835520796	0.7383721	0.001364928	17.75819	17.50485	-1.05104005773373
111	0	0.74487740623299	0.6831395	0.001680941	17.05959	17.01747	-0.563747025187493
112	0	0.731194029073231	0.747093	0.0009493073	17.86462	17.61277	-1.50129522776605
113	0	0.737096354458481	0.744186	0.001021096	17.77615	17.50819	-0.853984501692832
114	0	0.73698899152223	0.7819767	0.001320382	17.81211	17.4898	-1.42529701685012
115	0	0.730879472126253	0.7412791	0.001974552	17.67259	17.33459	-0.870610631588475
116	0	0.732705921703018	0.7848837	0.001474238	17.81103	17.5718	-1.68460493981526
117	0	0.736343643907458	0.744186	0.001379944	17.8225	17.48878	-1.1972377706171
118	0	0.737533123767935	0.7848837	0.003075686	17.84156	17.61529	-1.71920148085011
119	0	0.738682107045315	0.8343023	0.001615926	17.83134	17.56835	-1.85016398972406
11	0	0.67610886679031	0.6656977	0.001759759	17.70383	17.09498	-0.830262379632314
120	0	0.745269159716554	0.7877907	0.00107587	17.94497	17.64982	-1.47466566401352
121	0	0.66052219462581	0.6889535	0.002161027	17.30088	17.16738	-1.1532941635674
122	0	0.678914477024227	0.6976744	0.001745784	16.98648	16.9733	-0.521411417168196
123	0	0.706971878535114	0.7819767	0.001049533	17.70576	17.35193	-1.13036855660462
124	0	0.70501933794003	0.7122093	0.001376727	17.7761	17.44376	-1.18704449054399
125	0	0.667948879720643	0.7296512	0.002076018	17.63142	17.3666	-0.931891613628147
126	0	0.712186592514627	0.7325581	0.001396912	17.29028	17.1578	-0.873836478076913
127	0	0.724875024636276	0.7325581	0.001599546	17.81717	17.50964	-1.19588293990081
128	0	0.697471811878495	0.755814	0.002036362	17.68463	17.35595	-1.03197140659048
129	0	0.735031086881645	0.6424419	0.002703906	17.77084	17.39842	-0.911527065560834
12	0	0.68083027638495	0.7267442	0.002154215	17.55061	17.26588	-0.676435478598779
130	0	0.66428167517297	0.6860465	0.002312456	17.58886	17.16473	-0.623583515117459
131	0	0.714027046482079	0.7122093	0.001950588	17.70983	17.31079	-1.05929061701779
132	0	0.657046640454792	0.6453488	0.001497213	17.30261	17.03111	-0.616571524017373
133	0	0.707297097565606	0.7877907	0.002113013	17.68564	17.28436	-0.974139970577561
134	0	0.723443644773215	0.7005814	0.00150511	17.59262	17.18353	-0.886882964406194
135	0	0.692251746077091	0.6395349	0.00147741	17.70455	17.3806	-1.15590245576477
136	0	0.72587215306703	0.7209302	0.001945378	17.70987	17.42462	-1.07560235007709
137	0	0.692086239368655	0.7238372	0.002832491	17.50859	17.1698	-0.741708453598196
138	0	0.689759180136025	0.6569767	0.001179044	17.67426	17.35922	-0.672425787141411
139	0	0.70286737352144	0.744186	0.001419924	17.78658	17.46399	-1.0300965749603
13	0	0.712208634940907	0.6511628	0.002267849	17.55404	17.16902	-0.586455224654772
140	0	0.737080399459228	0.7994186	0.001777295	17.76127	17.44601	-1.17093925272042
141	0	0.692810276872478	0.5726744	0.001889622	17.74193	17.28842	-0.926782419935745
142	0	0.739220052491874	0.7238372	0.001811094	17.79698	17.57244	-1.21870849402612
143	0	0.670285078184679	0.5668605	0.002166287	17.11916	17.01589	-0.587689119587134
144	0	0.725012097042054	0.8343023	0.001631529	17.831	17.58283	-1.98495144612445
145	0	0.667925671627745	0.755814	0.002408681	17.54413	17.17191	-1.09708942146863
146	0	0.671840718877502	0.7180233	0.001437018	17.74629	17.3087	-0.844021935329011
147	0	0.711242031841539	0.6773256	0.001557844	17.71972	17.3876	-0.930966324400307
148	0	0.698228293820284	0.7238372	0.001979273	17.66233	17.26829	-1.23682804457956
149	0	0.686092419154011	0.6395349	0.001164711	17.37366	17.04172	-1.02003697739539
14	0	0.650535339280032	0.6366279	0.002011232	17.08846	16.95683	-0.934880980355958
150	0	0.662721881479956	0.6511628	0.001502564	17.55399	17.25559	-0.742292340246352
151	0	0.667887528496794	0.6337209	0.003616615	17.33668	17.10435	-0.739668088699411
152	0	0.68775253361091	0.5988372	0.002574987	17.52235	16.95129	-0.379400202988046
153	0	0.686248176801018	0.6162791	0.002578658	17.04607	17.07491	-0.785793420618145
154	0	0.713336207065731	0.7325581	0.001822976	17.82831	17.54469	-1.12064246326759
155	0	0.675157082243823	0.6366279	0.002932489	17.12744	16.99894	-0.457981120273753
156	0	0.737074885261245	0.7587209	0.001943746	17.80572	17.53533	-1.08130170212785
157	0	0.728740107314661	0.752907	0.001531858	17.8545	17.5484	-1.3597829098738
158	0	0.702271931944415	0.747093	0.002025157	17.75742	17.46736	-1.17225617444556
159	0	0.67610936134588	0.625	0.001398672	17.57495	17.09488	-0.835125470999404
15	0	0.73715999731794	0.7965116	0.001765094	17.66209	17.26938	-0.898939436796804
160	0	0.69148715659976	0.7994186	0.002187879	17.71946	17.38955	-1.85647720274404
161	0	0.723028859589249	0.7180233	0.002612512	17.71165	17.35969	-0.976285778553097
162	0	0.707639967417344	0.7180233	0.00202182	17.69068	17.33133	-1.21815294219405
163	0	0.727795929159038	0.7209302	0.00205499	17.71586	17.33463	-1.22761455585311
164	0	0.695847002277151	0.7238372	0.001857315	17.58951	17.27882	-1.2019189878203
165	0	0.745863987598568	0.7238372	0.002191732	17.75429	17.44014	-0.896688438096836
166	0	0.721664410503581	0.7296512	0.001879934	17.79084	17.59817	-1.62159048729681
167	0	0.742798256175593	0.7790698	0.001600252	17.54585	17.29533	-0.920810949386971
168	0	0.747924281307496	0.8284884	0.001530773	17.84522	17.59092	-1.66264110957581
169	0	0.650927107431926	0.6104651	0.002044634	17.59185	17.1678	-0.55506114596305
16	0	0.680668376386166	0.7674419	0.001777941	17.79808	17.47577	-1.11004272713651
170	0	0.713334470358677	0.7645349	0.001840874	17.81455	17.52505	-1.64998556081603
171	0	0.717702985485084	0.7936047	0.00222681	17.66549	17.20538	-1.17955485926503
172	0	0.684010481112637	0.7645349	0.002283032	17.86942	17.58956	-1.31184119200089
173	0	0.692821916518733	0.6773256	0.001508265	17.6835	17.28843	-0.967967270220369
174	0	0.705102693871595	0.6686047	0.002848838	17.75257	17.42709	-1.02554944001775
175	0	0.713287784508429	0.6889535	0.001821811	17.62725	17.30196	-1.25803166400627
176	0	0.671252656099387	0.6686047	0.001827384	17.67822	17.27103	-0.805969131580527
177	0	0.673020027135499	0.5697674	0.00223726	17.57727	17.16694	-0.644109806801182
178	0	0.652078805817291	0.627907	0.001502764	17.60119	17.14443	-0.58859166556206
179	0	0.720768723543733	0.75	0.001580793	17.80405	17.53837	-1.06632306044785
17	0	0.736248140013777	0.6366279	0.001888283	17.38339	17.18965	-0.711377497396137
180	0	0.692205774760805	0.6424419	0.00151892	17.17415	17.02057	-0.668614645833143
181	0	0.682514364412054	0.6831395	0.001971067	17.62579	17.31207	-1.090531507644
182	0	0.749018702516332	0.8546512	0.001681399	17.85372	17.59956	-1.50126608424076
183	0	0.678973566787317	0.6656977	0.001620791	17.63019	17.28659	-1.07271180079915
184	0	0.673572546499781	0.6366279	0.003070967	17.65917	17.26499	-0.530071756341665
185	0	0.6898528378224	0.6715116	0.002737823	17.30895	17.08666	-0.722991876602901
186	0	0.745814016018994	0.7325581	0.000853154	17.81215	17.45575	-1.41010816088604
187	0	0.688371825031936	0.7354651	0.002509844	17.70852	17.38677	-0.993683937491652
188	0	0.658417316735722	0.630814	0.001550239	17.56538	17.11975	-0.646526180873158
189	0	0.726949419290759	0.7877907	0.002154087	17.75643	17.46796	-1.60829136977206
18	0	0.711297076405026	0.7034884	0.001518185	17.69049	17.30892	-1.02760758701712
190	0	0.690029238234274	0.7267442	0.001839649	17.74303	17.41083	-0.950043475953405
191	0	0.667508532037027	0.7005814	0.002050445	17.62734	17.25022	-0.693922751838056
192	0	0.650803058734164	0.7151163	0.002893198	17.67974	17.27388	-0.867192772704264
193	0	0.742065344052389	0.7034884	0.001547407	17.71121	17.3083	-1.04418411988371
194	0	0.696179714496247	0.7383721	0.001787477	17.48316	17.12718	-0.650902647697592
195	0	0.72519266048912	0.7063953	0.003267418	17.66243	17.30759	-0.982440230820187
196	0	0.695745829329826	0.7267442	0.0020876	17.74183	17.3137	-0.875042375075681
197	0	0.718451873050071	0.6686047	0.001485277	17.6243	17.14026	-0.560609023652192
198	0	0.745711802947335	0.7819767	0.001861958	17.62818	17.31296	-0.822670456994035
199	0	0.680882715177722	0.6802326	0.001878191	17.63448	17.21365	-1.03611950941501
19	0	0.664610044239089	0.6744186	0.001842216	16.98508	16.93499	-1.0224201796215
1	0	0.695872171316296	0.7122093	0.001595747	17.55275	17.09504	-0.62035391635557
200	0	0.724859725404531	0.7005814	0.001831695	17.64526	17.29477	-0.966852753751522
201	0	0.739036683784798	0.7732558	0.001508315	17.79466	17.44066	-1.03042838927152
202	0	0.722765997890383	0.7151163	0.00133489	17.85977	17.46718	-1.61396170932885
203	0	0.679184254724532	0.6366279	0.001912054	17.46451	17.09878	-0.565978664427412
204	0	0.659799626655877	0.6017442	0.002330009	17.49895	17.17617	-0.96242145494878
205	0	0.734736288455315	0.7180233	0.001915918	17.94101	17.77181	-1.7415724905959
206	0	0.686041589034721	0.7063953	0.001620952	17.83651	17.56685	-1.48324710655031
207	0	0.734152438421734	0.8313953	0.001633515	17.93362	17.64868	-1.72913843883717
208	0	0.684246161207557	0.6569767	0.002161284	17.45531	17.03906	-0.40594991515327
209	0	0.72940478080418	0.744186	0.001623226	17.79243	17.55486	-1.76888728981512
20	0	0.730187977175228	0.8197674	0.001699652	17.80345	17.47178	-1.29295965349297
210	0	0.717197718750685	0.747093	0.001742674	17.387	17.15822	-0.386650778499044
211	0	0.65521908919327	0.5901163	0.002251699	16.80116	16.8499	-0.458199791421014
212	0	0.696084604295902	0.7383721	0.001973349	17.75287	17.32451	-1.25269427178108
213	0	0.678142456966452	0.6104651	0.002080712	17.57353	17.18582	-1.02432065117657
214	0	0.682093953876756	0.6540698	0.002393299	17.55577	17.07965	-0.62612049785792
215	0	0.721970799588598	0.75	0.001286466	17.72899	17.42069	-1.01731442556279
216	0	0.716148084634915	0.6947674	0.001682284	17.73451	17.43897	-1.54705193170268
217	0	0.653099061106332	0.7354651	0.002270416	17.59392	17.14997	-0.580037111359783
218	0	0.653122048568912	0.6656977	0.001292853	17.42989	17.10335	-0.976861201870867
219	0	0.705867524980567	0.619186	0.002010914	17.60287	17.2074	-0.671355908620772
21	0	0.740239597461186	0.7848837	0.001720707	17.84129	17.55928	-1.48627582727011
220	0	0.724996872292831	0.7936047	0.001979311	17.73217	17.41695	-1.21246815531805
221	0	0.656230544415303	0.7151163	0.002277628	17.60454	17.21059	-0.668862179427398
222	0	0.701616696198471	0.7936047	0.001918708	17.82858	17.54928	-1.10476838258353
223	0	0.663023532461375	0.7209302	0.001660691	17.57166	17.06102	-0.625618930795921
224	0	0.699281724705361	0.5901163	0.001859402	17.65862	17.27796	-1.1771811462011
225	0	0.742568728327751	0.7761628	0.001378074	17.7631	17.50203	-0.813556899852855
226	0	0.663938202802092	0.6773256	0.002575906	17.63875	17.21868	-1.09294189897392
227	0	0.652084481413476	0.6686047	0.001593039	17.6549	17.21767	-0.88079446815814
228	0	0.674767137388699	0.7732558	0.001692789	17.68866	17.26892	-0.811006028298216
229	0	0.739817541022785	0.6947674	0.001637619	17.73267	17.41454	-1.03867584663125
22	0	0.680535991489887	0.5988372	0.001935182	17.56348	17.12266	-0.866730389327824
230	0	0.742157715326175	0.7325581	0.001848637	17.94549	17.72657	-1.58696959716914
231	0	0.666856332495809	0.6424419	0.001506376	17.19049	17.11911	-0.542921777151926
232	0	0.710031089140102	0.747093	0.001216681	17.65168	17.21076	-0.788393639142321
233	0	0.657569963508286	0.7005814	0.001381239	17.62523	17.18756	-0.725169284426994
234	0	0.744088395545259	0.75	0.001982782	17.7401	17.43012	-1.34482646965173
235	0	0.721415576571599	0.7761628	0.001746938	17.69739	17.42708	-1.04048570999088
236	0	0.688543836120516	0.7180233	0.002335813	17.73929	17.30325	-0.671653598526615
237	0	0.7077795795165	0.6366279	0.002434756	17.67879	17.26865	-0.689456351214404
238	0	0.734583540819585	0.8081395	0.001875205	17.77923	17.50049	-1.09255144086075
239	0	0.654973191209137	0.6482558	0.001602589	17.69664	17.24914	-0.878087630176691
23	0	0.684543343749829	0.7093023	0.001716609	17.67674	17.29406	-0.986715110694537
240	0	0.667292610462755	0.6424419	0.003892719	17.61609	17.20566	-0.764289828869426
241	0	0.698304819012992	0.7703488	0.002069357	17.66458	17.31507	-0.972673950025427
242	0	0.719571636314504	0.6569767	0.00206212	17.66423	17.34766	-0.953586467204331
243	0	0.701857935846783	0.7412791	0.001382915	17.62673	17.24325	-0.664676112779793
244	0	0.716116497595795	0.6773256	0.001442772	17.75493	17.39345	-1.11814814616616
245	0	0.747136790771037	0.6424419	0.001104599	17.73815	17.47059	-1.45192395961514
246	0	0.709812125004828	0.7093023	0.00121956	17.60025	17.21935	-0.917346977930281
247	0	0.678455929085612	0.6656977	0.002234683	17.6598	17.28445	-0.978543396671174
248	0	0.732708170730621	0.752907	0.001546798	17.72611	17.24628	-0.954617971660697
249	0	0.678576362482272	0.7383721	0.002290399	17.77123	17.37686	-1.19861721935258
24	0	0.745508067682385	0.7238372	0.002205962	17.70148	17.35055	-1.29859544282167
250	0	0.687821449921466	0.7267442	0.001732366	17.64815	17.31006	-1.3288814696989
251	0	0.678136042319238	0.6976744	0.002152545	17.7033	17.32618	-1.05598455143174
252	0	0.681526149623096	0.7616279	0.001652924	17.80959	17.55013	-1.42211918920177
253	0	0.734903196594678	0.75	0.001604631	17.68435	17.41883	-1.57714244197386
254	0	0.741651134309359	0.6947674	0.001274239	17.85814	17.59857	-1.79340566034804
255	0	0.722447451273911	0.7761628	0.002202475	17.78767	17.38564	-1.07225308618082
256	0	0.673939599771984	0.6540698	0.001208055	17.65715	17.24021	-1.08445119352196
257	0	0.716046389262192	0.6715116	0.002763134	17.53338	17.23139	-1.08884476684788
258	0	0.680111367977224	0.7819767	0.001916105	17.94589	17.65018	-1.47359267902782
259	0	0.736597039038315	0.6104651	0.003256154	17.73175	17.36951	-0.855752475857539
25	0	0.738657832541503	0.7180233	0.001858026	17.69962	17.31819	-0.963450172053474
260	0	0.654463352775201	0.6686047	0.002199415	17.53974	17.20287	-0.595621360444405
261	0	0.739487149100751	0.7296512	0.00311382	17.77359	17.47141	-1.49071213050504
262	0	0.660774984955788	0.6453488	0.00305305	17.65405	17.2481	-0.505247050662426
263	0	0.665114813414402	0.630814	0.001979125	17.65043	17.34814	-0.818215461767748
264	0	0.656862816796638	0.5988372	0.001571793	17.56853	17.25056	-0.795056450384199
265	0	0.73880680706352	0.7877907	0.001472627	17.64378	17.3365	-1.25477238515525
266	0	0.652497162064537	0.6831395	0.002194271	17.59725	17.17697	-0.931104578407618
267	0	0.718452051864006	0.7180233	0.002154237	17.66556	17.35221	-1.09361620961203
268	0	0.658503233524971	0.5639535	0.003381615	17.06354	16.97262	-0.358610577403232
269	0	0.700643816567026	0.5726744	0.001632864	17.52331	17.17766	-0.745964961726134
26	0	0.66434434610419	0.6017442	0.001356489	17.6466	17.26744	-0.71960043271145
270	0	0.712181567912921	0.6511628	0.001278253	17.65156	17.30806	-0.876858117623893
271	0	0.665852811094373	0.6569767	0.001648108	17.23594	17.00224	-0.369409798879809
272	0	0.735173958330415	0.7209302	0.001469136	17.7407	17.4459	-1.15235511615837
273	0	0.664269967190921	0.5087209	0.002814086	17.56128	17.17694	-0.698179126929803
274	0	0.713096138369292	0.6802326	0.001841858	17.52574	17.24572	-1.27628159866002
275	0	0.680037608160637	0.5784884	0.001940795	17.55018	17.28041	-1.15937604710623
276	0	0.683240816951729	0.6540698	0.002369594	17.01667	16.96972	-0.605704567443655
277	0	0.681206200970337	0.6802326	0.002574608	17.55965	17.27893	-1.10608507026384
278	0	0.745927853835747	0.747093	0.001304255	17.82591	17.69374	-1.92548676214026
279	0	0.734855757839978	0.752907	0.002277118	17.939	17.69731	-1.67849909732003
27	0	0.704353500250727	0.75	0.001782757	17.7063	17.40676	-1.02596394604724
280	0	0.72801847315859	0.6773256	0.001921319	17.48806	17.17927	-0.803519384632593
281	0	0.692774462606758	0.6627907	0.001909245	17.68965	17.20202	-0.541535798946553
282	0	0.716966094379313	0.7848837	0.003017253	17.73722	17.3909	-0.914910477483925
283	0	0.654753772215918	0.6366279	0.002444935	16.94691	16.96153	-0.22604699891339
284	0	0.742887540301308	0.755814	0.001333677	17.92981	17.58278	-0.996981153916327
285	0	0.687226061755791	0.7209302	0.00238133	17.65755	17.3396	-1.1637583498418
286	0	0.746435920614749	0.7005814	0.001616691	17.85529	17.60043	-1.26437668909524
287	0	0.704284375743009	0.7180233	0.002451644	17.6888	17.31333	-1.00082960624624
288	0	0.651489639561623	0.5901163	0.002057478	17.64587	17.19498	-0.84779470994044
289	0	0.745686036976986	0.7877907	0.001643476	17.80806	17.41386	-1.41028576099895
28	0	0.748174268915318	0.7848837	0.001601173	17.80117	17.56559	-1.10891762344564
290	0	0.700840056687593	0.747093	0.001691699	17.79939	17.63957	-1.31430687946058
291	0	0.692182947020046	0.6976744	0.001892733	17.64266	17.24807	-0.804699897181827
292	0	0.72798664716538	0.7587209	0.001255011	17.78959	17.46231	-1.48528490281988
293	0	0.685450076125562	0.6831395	0.001682369	17.29812	17.03383	-0.608473159078383
294	0	0.667398234223947	0.6453488	0.001971631	17.12562	16.89295	-0.56704073395355
295	0	0.651848521619104	0.625	0.001767579	17.60694	17.04082	-0.614538906589595
296	0	0.668792368704453	0.6802326	0.002049057	17.09566	17.04853	-0.527649851262117
297	0	0.720447957934812	0.6802326	0.001821647	17.78271	17.48431	-1.2675673912922
298	0	0.724555766931735	0.7034884	0.00239694	17.66065	17.33617	-0.890519666358766
299	0	0.697512600151822	0.7412791	0.001467276	17.70099	17.38316	-1.22460723810583
29	0	0.696295061497949	0.7238372	0.002065999	17.45338	17.16482	-0.751266353460645
2	0	0.708880763221532	0.6744186	0.002143243	17.61853	17.24668	-0.809839776222254
300	0	0.67719014917966	0.6569767	0.001556687	17.45476	17.14209	-0.897782405457602
301	0	0.671871199901216	0.7063953	0.00224649	17.6278	17.30011	-0.977998693117739
302	0	0.738199930358678	0.7703488	0.003623328	17.87821	17.61769	-1.61501588785275
303	0	0.747247278038412	0.7209302	0.001935957	17.80506	17.53418	-1.20910063594076
304	0	0.698046129080467	0.752907	0.001760246	17.62678	17.20994	-1.25453531440264
305	0	0.730047147418372	0.752907	0.001167183	17.77336	17.44255	-0.972253679151398
306	0	0.651133247581311	0.6453488	0.001811787	17.568	17.25098	-0.947429461955477
307	0	0.698241003113799	0.6976744	0.001365948	17.60827	17.24401	-0.917788740851568
308	0	0.749099657032639	0.6889535	0.002012726	17.67008	17.22632	-0.844620347260475
309	0	0.722543524089269	0.7180233	0.001579609	17.70986	17.4511	-1.50079939766723
30	0	0.670519698853605	0.5726744	0.002373592	17.54999	17.138	-0.770253791006382
310	0	0.736252545798197	0.7848837	0.001142655	17.83611	17.56428	-1.49969143299885
311	0	0.701694945828058	0.5959302	0.002724808	17.1885	17.0754	-0.935362305073019
312	0	0.707825759146363	0.7354651	0.001533763	17.69715	17.29981	-1.23797913112552
313	0	0.713802551780827	0.7383721	0.001352613	17.79763	17.414	-1.0317106820325
314	0	0.668157840380445	0.5668605	0.00242147	17.49347	17.14296	-0.672768225386612
315	0	0.666278497176245	0.7151163	0.001928985	17.63225	17.2439	-1.1708695754158
316	0	0.726142130955122	0.7180233	0.001389453	17.66502	17.26092	-0.652684484179148
317	0	0.703428404149599	0.75	0.00187325	17.826	17.48946	-1.05489286377481
318	0	0.67445925285574	0.6947674	0.002124556	17.5965	17.0102	-0.42286861692445
319	0	0.688315032119863	0.6656977	0.001245424	17.3409	17.1034	-0.511409432234583
31	0	0.662583254324272	0.6540698	0.001572371	17.75104	17.4731	-1.03862807609887
320	0	0.733313868450932	0.7587209	0.001229815	17.95351	17.66982	-1.5029326470653
321	0	0.682683302601799	0.755814	0.001996083	17.73372	17.36651	-1.03518172342783
322	0	0.66145808591973	0.6569767	0.002031105	17.5603	17.27456	-0.919969313884043
323	0	0.652298052608967	0.6860465	0.001739696	17.5485	17.19537	-0.702958782427183
324	0	0.687503841612488	0.752907	0.001785016	17.92931	17.71059	-1.5681372475045
325	0	0.658060985081829	0.7354651	0.001708463	17.68202	17.3122	-0.93982256940176
326	0	0.697948591853492	0.6773256	0.001569489	17.37189	17.03874	-0.800513764472478
327	0	0.702511325082742	0.6860465	0.002735891	16.95453	16.98962	-0.551366781892713
328	0	0.739845934696496	0.7906977	0.00148942	17.7591	17.52772	-1.1162112446877
329	0	0.72627004920505	0.7645349	0.001080537	17.81874	17.49934	-1.13520298044774
32	0	0.679648219468072	0.7848837	0.002594548	17.67542	17.26901	-1.29946649809063
330	0	0.735700053721666	0.6860465	0.001407613	17.79743	17.38791	-0.904247092751625
331	0	0.659269364224747	0.7005814	0.002632128	17.62056	17.24264	-0.791721869357749
332	0	0.697364347195253	0.6976744	0.001424161	17.76058	17.36631	-1.17517443254545
333	0	0.670673376391642	0.7034884	0.002005646	17.69705	17.29808	-0.900517731195688
334	0	0.675047376821749	0.7267442	0.001901302	17.61842	17.30542	-1.18769043920441
335	0	0.658072429220192	0.5784884	0.002792943	17.17509	17.05697	-0.495194691952808
336	0	0.703015384497121	0.6889535	0.00188606	17.59471	17.27344	-1.18139066301094
337	0	0.662265707110055	0.7209302	0.001770335	17.59686	17.25528	-0.850030817812903
338	0	0.687131886440329	0.7005814	0.001535838	17.62264	17.11213	-0.386214882106419
339	0	0.70285916258581	0.6686047	0.002124542	17.71262	17.29604	-0.922377350952197
33	0	0.72262339675799	0.7151163	0.001419217	17.70874	17.35669	-0.908187368043521
340	0	0.665019013849087	0.7093023	0.002205409	17.6064	17.20536	-0.824531636445266
341	0	0.721835613739677	0.75	0.001567386	17.69956	17.26596	-1.06512337805796
342	0	0.69508028102573	0.5813953	0.002545802	17.22555	17.0326	-0.66138300568254
343	0	0.712040819507092	0.7761628	0.001571203	17.68446	17.38798	-1.0831199088756
344	0	0.722267317865044	0.7587209	0.001917838	17.71165	17.40883	-0.61377603134807
345	0	0.711836103210226	0.6540698	0.002424354	17.68965	17.35591	-0.930166302548143
346	0	0.678548955754377	0.7645349	0.002531326	17.70083	17.27894	-0.951607423731297
347	0	0.650953901745379	0.6569767	0.002673149	17.53602	17.08233	-0.878981857979508
348	0	0.747353956243023	0.755814	0.001847046	17.68577	17.43761	-0.943715647531259
349	0	0.720981011423282	0.7616279	0.001763362	17.82776	17.44312	-0.953449647168519
34	0	0.721771784103476	0.6773256	0.002713725	17.67811	17.45116	-1.33263361201016
350	0	0.661630983836949	0.6860465	0.001898278	17.59511	17.33496	-1.22088988107425
351	0	0.723573891678825	0.6773256	0.002050202	17.73859	17.40972	-1.08155450151067
352	0	0.704705181811005	0.7616279	0.002137382	17.64939	17.34413	-1.10266368199335
353	0	0.743074134946801	0.6773256	0.002307274	17.76305	17.38163	-1.30453136701891
354	0	0.681372949853539	0.7238372	0.002013751	17.78359	17.44487	-1.16785884244042
355	0	0.729945182125084	0.8662791	0.001814688	17.74476	17.52848	-1.33366018594378
356	0	0.72456626156345	0.6889535	0.001360845	17.79315	17.5166	-1.32103643635669
357	0	0.719080309616402	0.7034884	0.00170528	17.69665	17.36179	-1.13097678171585
358	0	0.670949550718069	0.7354651	0.00273691	17.62161	17.34143	-0.955951729611047
359	0	0.720375765766949	0.744186	0.001617288	17.66765	17.39543	-1.0656473397961
35	0	0.741258383798413	0.7877907	0.002287378	17.81325	17.43489	-1.38571190181068
360	0	0.689599035261199	0.6976744	0.001816898	17.65842	17.33433	-0.909016370287381
361	0	0.652604381134734	0.6918605	0.002110289	16.91776	16.89728	-0.243244255329224
362	0	0.735713493754156	0.6802326	0.001100192	17.78117	17.49538	-1.27752974597808
363	0	0.69621071096044	0.7209302	0.001603657	17.59406	17.1986	-0.622924540953114
364	0	0.707927995687351	0.6889535	0.001768177	17.66768	17.23237	-0.76109049734148
365	0	0.724610982299782	0.744186	0.00157923	17.89629	17.57628	-1.61667162534524
366	0	0.682084267307073	0.6831395	0.002919757	17.24143	16.98301	-0.551715715521389
367	0	0.697006988548674	0.6744186	0.001653082	17.63798	17.20775	-0.799926495881805
368	0	0.699012191360816	0.744186	0.001509458	17.43119	17.14052	-0.658062321838881
369	0	0.683357537142001	0.619186	0.002147249	17.18333	17.04392	-0.766091368275493
36	0	0.703606281755492	0.7848837	0.001643768	17.7221	17.32726	-0.946416626786969
370	0	0.667070285719819	0.6366279	0.002011675	17.56753	17.20371	-0.906207598743773
371	0	0.73247987118084	0.7296512	0.002862618	17.79871	17.48575	-1.17719916467786
372	0	0.691857213131152	0.6424419	0.002606375	17.5961	17.154	-0.84433959336975
373	0	0.6820650606649	0.6802326	0.001732521	17.19425	17.00675	-0.705287315551002
374	0	0.690841575874947	0.6337209	0.00165713	17.62096	17.31244	-1.02314043249601
375	0	0.727453670534305	0.744186	0.001381817	17.74714	17.48564	-1.45466626643515
376	0	0.67329224543646	0.6976744	0.002673416	17.62343	17.37214	-0.987243077036219
377	0	0.720184739655815	0.7122093	0.001921174	17.68562	17.33018	-0.948443479630208
378	0	0.686602304223925	0.6773256	0.001434562	17.47673	17.21257	-0.933657666539011
379	0	0.725903960363939	0.6569767	0.002231708	17.73198	17.44191	-1.15840175975378
37	0	0.727066215104423	0.7296512	0.001623081	17.73947	17.39887	-0.92506775424307
380	0	0.676687873457558	0.6947674	0.001736296	17.71377	17.33823	-0.637331780476
381	0	0.670630273409188	0.6715116	0.002106238	17.65624	17.32721	-0.876387225240532
382	0	0.739275794196874	0.752907	0.001831745	17.69473	17.33255	-1.22012727894575
383	0	0.728204402443953	0.6773256	0.00242753	17.74151	17.41328	-0.883620759005819
384	0	0.744873463641852	0.7906977	0.001700017	17.79464	17.46788	-1.30897669312039
385	0	0.737156738294289	0.7354651	0.001168066	17.77274	17.62056	-1.51366022952974
386	0	0.669180240714923	0.7122093	0.001559337	17.48591	17.20516	-0.90908312452003
387	0	0.719380851159804	0.5843023	0.003513962	17.75642	17.33128	-1.08539201539751
388	0	0.685154976858757	0.6424419	0.003106433	17.69346	17.36359	-0.987349783282044
389	0	0.65503454352729	0.7151163	0.002087999	17.70542	17.345	-0.92645984381333
38	0	0.707157503231429	0.75	0.00190194	17.7563	17.34033	-1.10715135709358
390	0	0.720636045839637	0.7587209	0.001290459	17.90664	17.72207	-1.53356818698979
391	0	0.697797573381104	0.7616279	0.001779703	17.69737	17.38767	-1.43082070253215
392	0	0.654371515894309	0.6569767	0.003333593	17.59479	17.18624	-0.944758846849748
393	0	0.736601465847343	0.7354651	0.001450527	17.76769	17.44639	-1.05718097392404
394	0	0.728577718813904	0.7296512	0.002139174	17.72832	17.44031	-1.04901654093729
395	0	0.73852408064995	0.6889535	0.001849961	17.74837	17.3166	-1.17648705658743
396	0	0.658013147907332	0.625	0.001955462	16.96083	16.87295	-0.278571386444033
397	0	0.735613882169127	0.7209302	0.002018889	17.83594	17.50626	-1.41461175998722
398	0	0.723542276234366	0.7848837	0.001836396	17.75358	17.50531	-1.50762484084678
399	0	0.672413136973046	0.7093023	0.002396286	17.19032	17.02757	-0.158294728393916
39	0	0.654529729881324	0.7063953	0.001510757	17.6026	17.22755	-0.74192248872586
3	0	0.705234388797544	0.744186	0.001582654	17.6435	17.19414	-1.07262427069208
400	0	0.741905843722634	0.8081395	0.001618235	17.74562	17.42629	-1.21259917164518
401	0	0.749157284782268	0.7645349	0.001304509	17.81027	17.49757	-1.15138368728603
402	0	0.700040462613106	0.6773256	0.001846922	17.67542	17.34054	-1.04254029908338
403	0	0.657436281302944	0.6162791	0.002307833	17.15634	17.02609	-0.694089360805846
404	0	0.716593921789899	0.7906977	0.001570344	17.83547	17.6258	-1.32657578898663
405	0	0.722441551578231	0.7238372	0.001670929	17.61861	17.18983	-0.779658338486145
406	0	0.690393123915419	0.7296512	0.001510986	17.59818	17.21364	-1.08154680242434
407	0	0.673118527210318	0.619186	0.002918925	17.60238	17.27438	-0.771270934208718
408	0	0.728681262279861	0.7063953	0.001470183	17.71792	17.34674	-1.02347397791735
409	0	0.68734098568093	0.6802326	0.002013632	17.77017	17.40116	-0.92312300690184
40	0	0.73746884483844	0.7267442	0.002513183	17.64767	17.32036	-1.23301751668835
410	0	0.746173479873687	0.75	0.001566175	17.90775	17.53896	-1.30100279013271
411	0	0.68368036900647	0.6656977	0.0007519565	17.59055	17.1826	-0.983293699329643
412	0	0.683313731569797	0.5959302	0.00174482	17.25239	17.18818	-0.88531454179325
413	0	0.721096236072481	0.8081395	0.002908133	17.79487	17.5045	-1.35758951085679
414	0	0.727191944490187	0.7790698	0.001387814	17.81659	17.52886	-1.54262058384071
415	0	0.680465384339914	0.6831395	0.002883196	17.75366	17.32712	-1.19384573521552
416	0	0.650437708827667	0.6656977	0.00198567	16.99463	16.93373	-0.844226812843137
417	0	0.735438370564953	0.6482558	0.002230481	17.67659	17.256	-0.636473218229205
418	0	0.722412955388427	0.7063953	0.001957781	17.52886	17.16426	-0.795839652093298
419	0	0.721415997343138	0.7587209	0.001939336	17.83964	17.60707	-1.68147005472074
41	0	0.688898783782497	0.6424419	0.002878938	17.63406	17.29478	-0.910138158368785
420	0	0.693732672277838	0.6656977	0.002655372	17.76443	17.40226	-0.967763273576934
421	0	0.653432224178687	0.7122093	0.002083241	17.67233	17.32531	-0.943712116353022
422	0	0.698870866955258	0.6366279	0.001546549	17.55174	17.18915	-0.861304729544953
423	0	0.732401844579726	0.7412791	0.001127212	17.67272	17.34967	-1.01946959788203
424	0	0.704882785398513	0.755814	0.002008685	17.77866	17.46577	-1.08433606516249
425	0	0.704528263164684	0.7674419	0.00282193	17.77542	17.45498	-1.14819962887536
426	0	0.689247618825175	0.7325581	0.00196373	17.67528	17.19594	-0.845124357575915
427	0	0.681113340961747	0.7122093	0.001518357	17.72285	17.3547	-1.0416280065938
428	0	0.707521442463621	0.6976744	0.002244878	17.68063	17.34991	-0.81470940705856
429	0	0.660131662175991	0.6133721	0.00231264	17.65495	17.29624	-0.944109780315666
42	0	0.689383389404975	0.6133721	0.002008609	17.63291	17.19554	-0.845606569983887
430	0	0.705488282605074	0.6918605	0.001517175	17.44105	17.11876	-0.843190700838396
431	0	0.734769542701542	0.7790698	0.001981228	17.74022	17.44494	-1.26451424123655
432	0	0.656844815588556	0.6569767	0.002284672	17.45269	17.21139	-0.848965314851286
433	0	0.712087064329535	0.6773256	0.001632258	17.75268	17.51218	-1.37542173932836
434	0	0.703903914336115	0.7151163	0.001467621	17.59632	17.2458	-1.09519299654639
435	0	0.725819778745063	0.6918605	0.00188789	17.39471	17.13122	-0.874622942290224
436	0	0.653415268845856	0.6511628	0.0017641	17.47485	17.16036	-0.701093464375426
437	0	0.661329883011058	0.7122093	0.001504862	17.71678	17.38319	-1.05842499622593
438	0	0.684918176336214	0.6395349	0.002062444	17.50802	17.03015	-0.49755000638388
439	0	0.736752646951936	0.7587209	0.001480267	17.79947	17.57159	-1.2588092258653
43	0	0.734027231694199	0.747093	0.00143002	17.84425	17.62606	-1.28921097570665
440	0	0.738889673887752	0.7587209	0.001540351	17.83811	17.60018	-1.02688170349982
441	0	0.720740990294144	0.7412791	0.001412561	17.77148	17.35442	-1.11177324402416
442	0	0.734520233259536	0.7965116	0.001490955	17.82001	17.56266	-1.72470227746495
443	0	0.696900124382228	0.6860465	0.002153803	17.57439	17.17367	-1.01714361770982
444	0	0.698503151559271	0.7325581	0.001551726	17.87021	17.50594	-1.24114964695325
445	0	0.650458734855056	0.5755814	0.001927414	17.4426	17.03445	-0.516912563280184
446	0	0.713416921370663	0.7063953	0.002239329	17.7235	17.30966	-0.701722390691683
447	0	0.686888450221159	0.6976744	0.002094519	17.57703	17.17356	-1.0421495700198
448	0	0.69808154895436	0.7412791	0.002779953	17.84181	17.58642	-1.26643162890237
449	0	0.66048023828771	0.5755814	0.002867634	16.96595	16.86293	-0.0818117578567193
44	0	0.657096481556073	0.5988372	0.002275809	17.5832	17.12357	-0.817928875318143
450	0	0.707362761022523	0.7063953	0.00174857	17.60893	17.22864	-0.605639871680513
451	0	0.726038562553003	0.7790698	0.001843279	17.61487	17.14071	-0.920587567523564
452	0	0.744989330065437	0.75	0.001642064	17.72517	17.37975	-0.976606542150628
453	0	0.725633874512278	0.7296512	0.001482673	17.7072	17.4642	-0.969763173455112
454	0	0.738716526981443	0.7267442	0.002109939	17.73279	17.41151	-1.02836710593095
455	0	0.740052106440999	0.755814	0.0021518	17.65579	17.29651	-1.05091121405534
456	0	0.680508836382069	0.6540698	0.001508545	17.68485	17.37067	-0.978260986932946
457	0	0.741989694093354	0.7965116	0.002213834	17.76169	17.38931	-1.05332695302521
458	0	0.673074811743572	0.7325581	0.00204717	17.6683	17.36924	-1.06459948961327
459	0	0.735122926719487	0.6569767	0.002758356	17.70168	17.27389	-0.692362407268325
45	0	0.653440324566327	0.6773256	0.004087353	17.12879	16.95747	-0.464562760705653
460	0	0.669135079043917	0.7180233	0.002339683	17.64823	17.38	-1.10349405309672
461	0	0.684034287184477	0.7296512	0.001591387	17.22452	16.98765	-0.710989473320852
462	0	0.743954551941715	0.8110465	0.001514568	17.77119	17.45639	-1.54122538249901
463	0	0.651703226170503	0.6773256	0.002120412	17.67651	17.30338	-0.737770693076713
464	0	0.709431655379012	0.7209302	0.00136137	17.66467	17.3249	-0.795552315660881
465	0	0.670037804380991	0.7703488	0.002066423	17.6495	17.35134	-0.977911664861738
466	0	0.653801637352444	0.6976744	0.002214223	17.68969	17.32071	-1.036587526443
467	0	0.669809770560823	0.7412791	0.002369295	17.70213	17.37355	-1.41507981356668
468	0	0.652047682763077	0.6656977	0.001974651	17.15469	17.04601	-0.659015481286686
469	0	0.65475216563791	0.5988372	0.001833971	17.54453	17.16791	-0.82121335533559
46	0	0.738581215613522	0.8284884	0.002187514	17.73702	17.45943	-1.17350712286393
470	0	0.658092994824983	0.5174419	0.002449869	17.65694	17.29479	-0.818717302079935
471	0	0.669363209512085	0.6133721	0.001917461	17.57051	17.20639	-0.92572538990649
472	0	0.704159274860285	0.6889535	0.003090962	17.76195	17.39434	-0.993853218847949
473	0	0.697844879841432	0.7151163	0.002292858	17.59811	17.28198	-0.58560032373725
474	0	0.706821362441406	0.6860465	0.002818226	17.60406	17.19574	-0.628574368211908
475	0	0.689857593760826	0.6889535	0.001875836	17.52987	17.22014	-0.742641822664899
476	0	0.720954717649147	0.7383721	0.001883591	17.59804	17.19057	-0.3147053068715
477	0	0.707311777374707	0.7063953	0.001334104	17.71472	17.41536	-0.719005351497309
478	0	0.744028090569191	0.8081395	0.001460123	17.84555	17.60003	-1.86981341190766
479	0	0.717858077934943	0.7877907	0.002036423	17.75631	17.4622	-1.4591684503507
47	0	0.665006670518778	0.7209302	0.001691265	17.56089	17.15165	-0.811908808974669
480	0	0.686676195194013	0.7238372	0.002574945	17.56344	17.21194	-0.686162699480587
481	0	0.665725967474282	0.7209302	0.002113481	17.14669	16.98309	-0.993154558264731
482	0	0.726166636147536	0.6831395	0.001697878	17.2831	17.08926	-0.85278059087239
483	0	0.658328214939684	0.7034884	0.002251874	17.53176	17.07499	-0.371210042971926
484	0	0.715871514449827	0.752907	0.002047102	17.73835	17.35733	-0.7586319639336
485	0	0.749101626663469	0.6424419	0.002433387	17.5374	17.22878	-0.83794352461435
486	0	0.687250488996506	0.6424419	0.001310867	17.6622	17.36632	-1.12506828127589
487	0	0.650594758312218	0.5494186	0.002642787	17.63155	17.21507	-0.876506734915243
488	0	0.726208643242717	0.7877907	0.001208955	17.86704	17.57548	-1.44821625139198
489	0	0.692382119526155	0.6627907	0.001982542	17.50158	17.08746	-0.479092480189445
48	0	0.725454424531199	0.7616279	0.001260154	17.74809	17.41382	-1.40821569922479
490	0	0.681186112412252	0.8052326	0.001262174	17.65586	17.38288	-0.865979077071885
491	0	0.725496778474189	0.8052326	0.002291064	17.88949	17.67421	-1.48114578311812
492	0	0.71459639093373	0.7732558	0.002106597	17.71966	17.40137	-0.95996840397142
493	0	0.684676639200188	0.6017442	0.002032066	17.60861	17.28772	-0.950356756248762
494	0	0.704855120182037	0.7151163	0.001235667	17.7243	17.51601	-1.51781963797683
495	0	0.702861330634914	0.6744186	0.00226554	17.66797	17.38352	-1.41559359994892
496	0	0.728931861440651	0.7761628	0.001263332	17.81196	17.53685	-1.86219274855163
497	0	0.714485220401548	0.7034884	0.001361377	17.69962	17.36504	-1.29141251827897
498	0	0.748277518968098	0.7325581	0.002050625	17.8044	17.52979	-1.13131816952385
499	0	0.686589788459241	0.6598837	0.001662691	17.00201	16.89535	-0.501046403905363
49	0	0.701205156790093	0.7122093	0.002211718	17.56744	17.18547	-0.772421187607432
4	0	0.655409431224689	0.6686047	0.002556266	17.69126	17.34854	-1.09803581227827
500	0	0.749852805281989	0.7819767	0.001604749	17.83672	17.56011	-1.51018020451431
501	0	0.686351711559109	0.7296512	0.00262306	17.67777	17.22819	-0.985067376678447
502	0	0.697279964294285	0.8197674	0.001502681	17.70476	17.37776	-1.28011653815466
503	0	0.652272497396916	0.6366279	0.002857278	17.5973	17.17323	-0.724675391202865
504	0	0.659631856181659	0.5203488	0.002045046	17.03491	17.02822	-0.725001275884381
505	0	0.729203969868831	0.7267442	0.00164304	17.37913	17.19525	-1.24432447528605
506	0	0.679780639894307	0.6656977	0.002173791	17.71618	17.30916	-1.25924878889242
507	0	0.684243374876678	0.6802326	0.001412048	17.30138	17.10212	-0.662959864925326
508	0	0.723160555679351	0.6831395	0.001511876	17.55885	17.2626	-0.946809249112072
509	0	0.744119137106463	0.7790698	0.001525575	17.83094	17.56044	-1.54702568717904
50	0	0.711354464432225	0.6366279	0.001158133	17.64856	17.24716	-0.731588262427771
510	0	0.724109609285369	0.8197674	0.001318095	17.81268	17.48014	-1.25801578680841
511	0	0.716578954551369	0.6918605	0.002142609	17.6653	17.2511	-0.594554487432781
512	0	0.723329754173756	0.630814	0.001900604	17.64224	17.3356	-1.18092421555105
513	0	0.715035166381858	0.7645349	0.002221016	17.34489	17.0515	-0.548030598012319
514	0	0.725390579272062	0.6715116	0.001322096	17.52791	17.22808	-1.03641250185466
515	0	0.729764971672557	0.7674419	0.001902989	17.77556	17.43853	-1.10808764670511
516	0	0.719511346030049	0.7296512	0.001553327	17.88429	17.69177	-1.57745871829363
517	0	0.690299095399678	0.7383721	0.00173111	17.35112	17.23447	-1.08407279248808
518	0	0.693686387012713	0.6569767	0.001619699	17.63381	17.25707	-0.868313415125335
519	0	0.666189378453419	0.622093	0.002290278	17.258	17.09533	-0.771506569290225
51	0	0.653901118412614	0.619186	0.002115503	17.15016	17.03279	-0.759760703394488
520	0	0.701844976330176	0.622093	0.003185078	17.24928	16.98282	-0.356899264057692
521	0	0.749280285881832	0.75	0.001348316	17.80526	17.56126	-1.39866410466027
522	0	0.655647379229777	0.6976744	0.001505636	17.6925	17.24077	-1.19788906502897
523	0	0.701354593154974	0.7034884	0.001581613	17.65401	17.30998	-0.744568563265365
524	0	0.697132241376676	0.7005814	0.002110812	17.47133	17.06778	-0.486112672827067
525	0	0.69401688054204	0.7238372	0.00122597	17.67126	17.27168	-0.939516494114795
526	0	0.738808086165227	0.6802326	0.001988062	17.66254	17.36783	-0.7902751717732
527	0	0.704457026161253	0.752907	0.001672961	17.91284	17.65933	-1.66571757960385
528	0	0.677335944585502	0.7325581	0.002066371	17.73101	17.35717	-1.36035863513773
529	0	0.738057951093651	0.6686047	0.002042331	17.74094	17.41189	-1.07458099309142
52	0	0.731756991706789	0.752907	0.001412033	17.85046	17.53402	-1.25668505736094
530	0	0.748061282699928	0.7383721	0.001935398	17.6253	17.22333	-0.711524217405418
531	0	0.653970327554271	0.6744186	0.00159858	17.55517	17.09759	-0.656986686120748
532	0	0.659501221240498	0.6598837	0.001851079	17.69903	17.28453	-0.987295556387398
533	0	0.683205461734906	0.7063953	0.001311913	17.65162	17.32337	-0.703824455361004
534	0	0.668199452501722	0.7005814	0.001438227	17.64293	17.25635	-0.939242699925163
535	0	0.656449315883219	0.7645349	0.001309168	17.65072	17.22061	-0.964387991948015
536	0	0.664446414960548	0.6017442	0.001599765	17.39398	17.07339	-0.505851978304334
537	0	0.688242752524093	0.6482558	0.002975098	17.65214	17.29082	-0.691155453103029
538	0	0.739390907040797	0.744186	0.001424634	17.79271	17.51202	-1.48704919320931
539	0	0.744326551933773	0.7325581	0.001666481	17.69644	17.43737	-1.43010178205258
53	0	0.742940750834532	0.7267442	0.0019059	17.89255	17.67009	-1.41525822988381
540	0	0.742604203987867	0.7063953	0.002654723	17.80112	17.42892	-1.18691366955004
541	0	0.744973158743232	0.7819767	0.001329907	18.00606	17.72635	-2.08084236858275
542	0	0.667600214807317	0.6511628	0.001194182	17.64558	17.25706	-0.624069730948659
543	0	0.664490891899914	0.6744186	0.001655787	17.65537	17.32743	-0.816437449825819
544	0	0.704964287881739	0.755814	0.001584943	17.69259	17.41701	-1.19040173899138
545	0	0.673481233394705	0.6831395	0.003147956	17.50219	17.21804	-1.38254416721249
546	0	0.681813539098948	0.7412791	0.002687788	17.44598	17.06776	-0.808945053547117
547	0	0.650061037787236	0.6918605	0.002457162	17.19573	17.14221	-1.00478139041244
548	0	0.67592874658294	0.6686047	0.002647773	17.67351	17.20734	-0.786066783000351
549	0	0.67462490464095	0.6918605	0.00175749	17.25726	17.16744	-0.775408418204488
54	0	0.685328119527549	0.6947674	0.00179676	17.70707	17.23516	-1.08595574112056
550	0	0.715841464023106	0.6947674	0.001672102	17.70681	17.2143	-1.17268467288009
551	0	0.668712961976416	0.6511628	0.001542729	17.2582	16.9898	-0.686460384687408
552	0	0.721538715180941	0.6976744	0.003021388	17.55701	17.24324	-0.898577515007541
553	0	0.703330863150768	0.6744186	0.002614596	17.60012	17.24768	-0.664032239578734
554	0	0.663049414614216	0.5784884	0.001543329	17.16278	16.96247	-0.661426902307779
555	0	0.692501633125357	0.7267442	0.001276442	17.77139	17.5121	-1.72023436670606
556	0	0.69286265890114	0.7122093	0.001405309	17.66486	17.32591	-1.00838433797582
557	0	0.707257596356794	0.7412791	0.001222331	17.81316	17.56648	-1.08138503538749
558	0	0.689379469887353	0.7034884	0.001674664	17.45225	17.22493	-0.8553388155648
559	0	0.68472862415947	0.7354651	0.002219557	17.39849	17.13575	-0.689001504656743
55	0	0.725230252952315	0.6976744	0.002037258	17.69439	17.35753	-0.929491716299972
560	0	0.746466937591322	0.7674419	0.002363318	17.73358	17.35361	-0.952968426314492
561	0	0.69371197775472	0.6831395	0.001588531	17.64331	17.19368	-0.985930185654943
562	0	0.656217250763439	0.6686047	0.001810207	17.33326	17.0713	-0.753774571245371
563	0	0.680713152559474	0.6744186	0.001768595	17.59315	17.16917	-0.892140164226625
564	0	0.730802096193656	0.7412791	0.001387488	17.70296	17.34325	-1.14778313268195
565	0	0.65803950720001	0.6598837	0.001681246	17.22364	17.07631	-0.414562073754971
566	0	0.705129384063184	0.6715116	0.003092887	17.30212	17.10563	-0.556984792027762
567	0	0.698256385163404	0.627907	0.002784642	17.49264	16.96019	-0.458517480503665
568	0	0.659675323101692	0.6540698	0.001506848	17.58936	17.21909	-0.690406667351569
569	0	0.6553649693029	0.6075581	0.002254877	17.55653	17.13913	-0.80420888614531
56	0	0.686579174757935	0.7122093	0.001752233	17.61155	17.25403	-0.800149155152593
570	0	0.737998979934491	0.7412791	0.001251938	17.76647	17.45896	-1.14903878459958
571	0	0.693797914381139	0.7761628	0.002237466	17.73787	17.44739	-1.10956836218829
572	0	0.746024761931039	0.7732558	0.00161448	17.84244	17.50252	-1.21621455707371
573	0	0.676967160217464	0.6976744	0.002181578	17.09109	16.94014	-0.42249268589878
574	0	0.676809297688305	0.6976744	0.001996194	17.76034	17.47024	-1.24261191964351
575	0	0.726354529825039	0.7180233	0.002452268	17.63335	17.2156	-0.859836927131659
576	0	0.7081606434891	0.6918605	0.002006325	17.77707	17.48586	-1.22851680354617
577	0	0.728675482445396	0.6831395	0.002713173	17.23868	17.17287	-1.02979927942556
578	0	0.688649430638179	0.7122093	0.001363014	17.69651	17.32847	-1.01200231248507
579	0	0.736115087149665	0.7412791	0.001835885	17.86275	17.55049	-1.53554872523968
57	0	0.68240878470242	0.7093023	0.001949897	17.64501	17.2592	-0.677799671771825
580	0	0.687072585360147	0.6831395	0.002543899	17.65986	17.22027	-0.834620638106933
581	0	0.74691987677943	0.8081395	0.002059537	17.75018	17.47975	-1.07796915363264
582	0	0.660627297312021	0.6627907	0.00165166	17.42293	17.17322	-1.01068161732105
583	0	0.724602126423269	0.6947674	0.002220479	17.73207	17.31684	-0.975286591312601
584	0	0.725638758577406	0.755814	0.001327271	17.73588	17.43114	-1.10576349305567
585	0	0.701366761489771	0.7267442	0.001769236	17.70756	17.40629	-1.24467492730166
586	0	0.653863804996945	0.6686047	0.002329737	17.70316	17.3038	-0.886255273580999
587	0	0.740173165081069	0.7209302	0.001468755	17.6267	17.29862	-0.841648905070171
588	0	0.694357130140997	0.6453488	0.002011617	17.68591	17.28548	-1.0183673055002
589	0	0.669636032031849	0.6511628	0.00198771	17.46815	17.0518	-0.188898130805462
58	0	0.691935376194306	0.6337209	0.001943247	17.66812	17.32372	-1.42742235975575
590	0	0.695508953928947	0.6598837	0.001275085	17.49207	17.08185	-0.442317339343163
591	0	0.715736256306991	0.744186	0.001405692	17.72994	17.38738	-1.41858230108776
592	0	0.69115683385171	0.6744186	0.002067812	17.56303	17.24221	-0.973471742322935
593	0	0.722368099400774	0.7587209	0.001187818	17.76231	17.49713	-1.50973587218462
594	0	0.659718758799136	0.622093	0.002969553	16.81517	16.96712	-0.472517013962904
595	0	0.706031021941453	0.7034884	0.002831593	17.62908	17.20818	-0.877790783938757
596	0	0.654041021084413	0.625	0.003429058	17.23036	17.00913	-0.643834083932025
597	0	0.727042497810908	0.6860465	0.001905259	17.73881	17.38493	-1.21446708027386
598	0	0.744480213825591	0.7674419	0.001468068	17.72704	17.43789	-1.14741359252509
599	0	0.714540174906142	0.7034884	0.002455062	17.61105	17.18483	-1.18051407021801
59	0	0.651285216328688	0.6395349	0.002051537	17.31413	17.04442	-0.594899136634388
5	0	0.673480341467075	0.7063953	0.002272571	17.50384	17.20421	-0.56744890187873
600	0	0.662702098139562	0.622093	0.001798862	17.16884	17.0034	-0.486719831701604
601	0	0.739496522839181	0.8284884	0.001194663	17.87044	17.60456	-1.74681856223717
602	0	0.682805163855664	0.6889535	0.001881421	17.6624	17.21184	-0.838580215076935
603	0	0.656133300578222	0.6366279	0.001573874	17.23473	16.95616	-0.546405578239696
604	0	0.678065896546468	0.6511628	0.001266809	17.22039	17.00497	-0.642484871526293
605	0	0.690621902211569	0.6656977	0.002089737	17.54525	17.15047	-0.743325559124772
606	0	0.714317702339031	0.7209302	0.001674215	17.71652	17.41607	-1.23227700220633
607	0	0.715046986052766	0.6831395	0.001477115	17.83207	17.51555	-1.14246378465334
608	0	0.73211030527018	0.8313953	0.001878321	17.85758	17.58884	-1.21954638090045
609	0	0.671624826733023	0.6918605	0.001840168	17.287	17.07966	-0.910331082823061
60	0	0.67679878892377	0.7238372	0.002115666	17.53799	17.17032	-0.959244299866976
610	0	0.706483168294653	0.7354651	0.001369427	17.64234	17.20358	-1.25181695705469
611	0	0.667314773052931	0.6366279	0.002067306	17.50478	17.06005	-0.698931359306013
612	0	0.748538613994606	0.8023256	0.0011269	17.90095	17.68987	-1.44984960457104
613	0	0.744474377017468	0.7354651	0.002012031	17.88829	17.66146	-1.42072987496664
614	0	0.663075557304546	0.6860465	0.001758183	17.3988	17.15761	-0.948189748200644
615	0	0.654056271165609	0.7296512	0.001478892	17.66764	17.24505	-0.913579712081674
616	0	0.746514966827817	0.7761628	0.00174922	17.72396	17.40696	-1.19637359496965
617	0	0.731413031392731	0.752907	0.001545586	17.87545	17.65727	-1.44896445041242
618	0	0.703421996394172	0.7732558	0.001374073	17.72203	17.31569	-1.00175959074485
619	0	0.683999620028771	0.7703488	0.002224501	17.67619	17.37738	-1.06122080532535
61	0	0.722876487555914	0.8081395	0.001565697	17.53551	17.21124	-1.05982877978979
620	0	0.717601767252199	0.7325581	0.001592102	17.59808	17.22982	-0.825553472117849
621	0	0.657291267393157	0.7296512	0.001794153	17.52451	17.11221	-0.984032110123251
622	0	0.732297095423564	0.6627907	0.00199145	17.72564	17.38418	-0.961133563728252
623	0	0.740201606228948	0.8052326	0.002716049	17.93245	17.59999	-1.77491964184984
624	0	0.677372978348285	0.6715116	0.002490281	17.67204	17.2818	-0.891509306601306
625	0	0.741684125480242	0.7994186	0.001040415	18.02123	17.71109	-2.24353652791295
626	0	0.673599615553394	0.7151163	0.002146469	17.69395	17.25257	-0.67229665260488
627	0	0.748091932665557	0.7674419	0.001974241	17.81363	17.5216	-1.36724102590728
628	0	0.733411833457649	0.7848837	0.00131571	17.81188	17.58408	-1.33095418976047
629	0	0.720862343744375	0.6889535	0.002148309	17.19987	17.11343	-0.914006956934667
62	0	0.712295077112503	0.6569767	0.001889564	17.55482	17.20112	-0.902037327047185
630	0	0.740019779931754	0.622093	0.001554615	17.59375	17.17949	-1.08377169155942
631	0	0.709134266804904	0.755814	0.001934639	17.70871	17.27918	-1.27304806376617
632	0	0.656666337163188	0.5901163	0.001963288	17.04151	16.94885	-0.677972047012222
633	0	0.717708235583268	0.7063953	0.002531392	17.61385	17.20998	-0.619259962427985
634	0	0.684655818669125	0.7819767	0.002043064	17.82733	17.51346	-1.33223338309625
635	0	0.679088854161091	0.619186	0.002778379	17.56351	17.20828	-0.671794864810892
636	0	0.71294938607607	0.7034884	0.002357332	17.51396	17.18683	-0.961915455005786
637	0	0.674094687774777	0.5843023	0.002531005	17.20475	17.0068	-0.599057599184978
638	0	0.694626382109709	0.6453488	0.002026168	17.63933	17.26799	-0.629851039585741
639	0	0.676823919103481	0.6598837	0.002013155	17.70717	17.2568	-0.679231020361463
63	0	0.694934357237071	0.7034884	0.0012442	17.68318	17.27744	-0.992612229163128
640	0	0.686048241378739	0.8313953	0.001779568	17.66024	17.31747	-1.37435140463892
641	0	0.664695854391903	0.619186	0.002723815	17.43634	17.04794	-0.714387461440002
642	0	0.709828689740971	0.7005814	0.001309133	17.77307	17.51834	-1.46502007632603
643	0	0.676403246819973	0.5726744	0.001722145	17.64419	17.16425	-0.890134175187635
644	0	0.683464205032215	0.6715116	0.001593877	17.73574	17.34635	-0.983359680790294
645	0	0.712888807058334	0.6569767	0.001726837	17.72518	17.33433	-0.893783131367219
646	0	0.731259725335985	0.7645349	0.001556377	17.70302	17.40897	-1.09292958302668
647	0	0.742695031221956	0.7383721	0.002623011	17.71259	17.35772	-0.775112476345844
648	0	0.680385114927776	0.7122093	0.002434224	17.43129	17.15302	-0.852258825065722
649	0	0.700199585594237	0.6715116	0.001076217	17.63552	17.33374	-1.10505124178664
64	0	0.670320692681707	0.7122093	0.00307105	17.73812	17.38823	-0.967789206269365
650	0	0.748645007261075	0.7732558	0.0019193	17.76528	17.57689	-1.65971627159158
651	0	0.656872934778221	0.7267442	0.001603911	17.74453	17.4332	-1.21547616966034
652	0	0.739877718244679	0.6831395	0.001592922	17.85827	17.63746	-1.32545881794865
653	0	0.718842242890969	0.7180233	0.001849412	17.50584	17.17111	-0.507829900846909
654	0	0.730767752509564	0.6918605	0.001346579	17.68089	17.23987	-0.899524393410946
655	0	0.746519841859117	0.7732558	0.001514092	17.88778	17.66383	-1.53519826020845
656	0	0.725118582462892	0.7209302	0.002944765	17.71956	17.32577	-1.0870223750756
657	0	0.736057697143406	0.6656977	0.001989674	17.75375	17.41751	-0.866237863339967
658	0	0.71459678914398	0.8226744	0.00251067	17.71761	17.37195	-1.42427746023058
659	0	0.697383327665739	0.6744186	0.001411437	17.18159	17.06175	-0.86707816357414
65	0	0.712904750509188	0.6453488	0.001708954	17.68455	17.35217	-1.36589891213918
660	0	0.711434841924347	0.630814	0.001473778	17.66368	17.2864	-1.01894101162367
661	0	0.683442333620042	0.622093	0.001957376	17.32979	17.13766	-0.788244936201874
662	0	0.67111418757122	0.630814	0.001418228	17.10048	16.97579	-0.732409638446863
663	0	0.719828017172404	0.6656977	0.001683819	17.53005	17.20662	-0.863183213469017
664	0	0.718994841817766	0.7732558	0.001263058	17.8879	17.71088	-1.92103658624976
665	0	0.698379841283895	0.7732558	0.001700319	17.66546	17.32057	-0.863976427053149
666	0	0.739486749097705	0.6773256	0.001698843	17.47545	17.17328	-0.730205831932801
667	0	0.679366644937545	0.7238372	0.001540153	17.7362	17.38354	-1.11725816479594
668	0	0.687833230406977	0.6831395	0.001768341	17.50325	17.17542	-0.631725494225708
669	0	0.673455192008987	0.7238372	0.001975495	17.65199	17.222	-0.516876478141437
66	0	0.707894166489132	0.6744186	0.001766901	17.6897	17.34354	-0.793775186690728
670	0	0.734048365289345	0.747093	0.002335701	17.86574	17.50408	-1.37303314457461
671	0	0.698875579889864	0.6598837	0.002172505	17.59623	17.07319	-0.522301328307939
672	0	0.678668731846847	0.6802326	0.001406866	17.53414	17.16268	-0.434667230235859
673	0	0.7051730746869	0.6860465	0.002239047	17.6629	17.3186	-0.790545567516904
674	0	0.659929432114586	0.6627907	0.002364391	17.62126	17.24945	-0.703301570773459
675	0	0.659919219603762	0.6482558	0.003801448	17.62622	17.14156	-0.552622105736927
676	0	0.688101758225821	0.6889535	0.001661153	17.61563	17.30324	-1.10844728356991
677	0	0.687008690088987	0.7151163	0.001872568	17.61241	17.31825	-0.784523137245896
678	0	0.745833122590557	0.8081395	0.00301618	17.92458	17.62703	-1.8432852647229
679	0	0.706564989569597	0.7063953	0.002932596	17.60137	17.22114	-0.894315801618143
67	0	0.660518322279677	0.6715116	0.002282124	17.68286	17.3853	-1.06608689584846
680	0	0.658345604105853	0.6686047	0.001275767	17.66991	17.20542	-0.648821457343114
681	0	0.725230968696997	0.744186	0.001569812	17.6788	17.37182	-0.891480607991162
682	0	0.657557684136555	0.7034884	0.001902889	17.56507	17.18181	-0.826442474970833
683	0	0.691296752798371	0.6395349	0.002478305	17.59619	17.21033	-0.756997298436052
684	0	0.652953826612793	0.5872093	0.002777228	17.24248	17.0513	-0.450528821350176
685	0	0.721121065947227	0.8197674	0.001654512	17.57589	17.12728	-0.689853887062742
686	0	0.693311454285867	0.6627907	0.00216134	17.62975	17.28736	-0.641430000783288
687	0	0.678360526473261	0.6453488	0.001863602	17.69587	17.28327	-0.607932484769885
688	0	0.672710709436797	0.5697674	0.002489198	16.60556	16.74853	-0.108511841330174
689	0	0.662375117908232	0.7354651	0.003872581	16.77818	16.74997	-0.442057677032799
68	0	0.67046344045084	0.6947674	0.001326692	17.55575	17.18775	-0.882239313688739
690	0	0.729649280221201	0.7383721	0.001493088	17.38783	17.08843	-1.08545731080003
691	0	0.656242826324888	0.6395349	0.002340948	17.24191	17.01718	-0.51983570635112
692	0	0.672260566218756	0.7005814	0.001300911	16.88943	16.7636	-0.246600826123464
693	0	0.662692412966862	0.7383721	0.001852789	17.17921	17.09656	-0.916818927224416
694	0	0.676809139642864	0.6162791	0.002037486	17.10126	16.99964	-0.719362947707937
695	0	0.739545629173517	0.6802326	0.001186259	17.34832	17.03766	-0.787156098503107
696	0	0.712193231843412	0.7267442	0.002257658	17.61218	17.32827	-0.919686303444478
697	0	0.706114518409595	0.7674419	0.001086878	17.77294	17.41403	-0.933157025071263
698	0	0.714162899903022	0.6540698	0.002310687	17.42923	17.10404	-0.64751379619438
699	0	0.711982986028306	0.6831395	0.001997869	17.67504	17.31137	-0.884166541484681
69	0	0.727646754449233	0.7936047	0.001598747	17.84843	17.53713	-1.41370664268223
6	0	0.716281027975492	0.7732558	0.002075103	17.82402	17.59218	-1.4755653248142
700	0	0.710638746223412	0.7732558	0.002311923	17.7691	17.46548	-1.40830628734853
701	0	0.710253695491701	0.752907	0.002269895	17.75934	17.46231	-1.16737472539279
702	0	0.680878736707382	0.6046512	0.002021073	16.98384	16.88037	-0.527752725253449
703	0	0.71481430712156	0.6889535	0.0018228	17.69074	17.30093	-0.913804269495678
704	0	0.705779781891033	0.7209302	0.003388831	17.80588	17.51517	-1.51821390168957
705	0	0.727959747123532	0.7587209	0.00192952	17.77892	17.51514	-1.35246265091063
706	0	0.735704180132598	0.75	0.002089508	17.85209	17.61507	-1.86748520916616
707	0	0.664038842986338	0.6744186	0.002197445	17.50314	17.11052	-0.580354136332613
708	0	0.702687424584292	0.8197674	0.001935479	17.72037	17.34637	-0.970296155211079
709	0	0.713917127624154	0.7122093	0.001564219	17.66911	17.30215	-1.26322784594324
70	0	0.667901266878471	0.7238372	0.001928959	17.22286	17.06561	-0.758272078325483
710	0	0.650619635847397	0.6540698	0.001658606	17.52149	17.13048	-0.707537200698348
711	0	0.746028838260099	0.7848837	0.001371649	17.7223	17.43565	-1.06370821606915
712	0	0.702468441706151	0.6133721	0.002621104	17.26146	16.93263	-0.437063721022469
713	0	0.716087858332321	0.7209302	0.001148249	17.69521	17.26595	-0.663120868517578
714	0	0.662843601126224	0.6395349	0.001986475	17.26798	17.08157	-0.706013239178109
715	0	0.706817327882163	0.6482558	0.001941061	17.70879	17.39039	-1.048759530271
716	0	0.72955325616058	0.6337209	0.001782874	17.6637	17.25494	-0.947095680506365
717	0	0.717904757196084	0.6715116	0.001926576	17.66935	17.15213	-0.808465153767881
718	0	0.683764316979796	0.7209302	0.001657769	17.64049	17.22393	-1.02113161938259
719	0	0.665623782738112	0.6715116	0.00183173	17.62126	17.19059	-1.01227046275857
71	0	0.711114483769052	0.7936047	0.002131071	17.71754	17.43337	-1.31435705084484
720	0	0.715931696863845	0.7412791	0.001257223	17.78652	17.53144	-1.29357906901825
721	0	0.653651391272433	0.625	0.001088105	17.6349	17.25157	-0.765708388938549
722	0	0.698176740785129	0.7354651	0.001516343	17.6604	17.22058	-0.544682626535801
723	0	0.741437342017889	0.7063953	0.001252409	17.78854	17.44718	-0.926717309842224
724	0	0.701121037709527	0.7383721	0.00127172	17.63232	17.29792	-0.921855914005651
725	0	0.722862344188616	0.7180233	0.001492399	17.8036	17.5499	-1.3707418652681
726	0	0.730296871205792	0.6831395	0.001929782	17.82843	17.36204	-1.24199877240682
727	0	0.726067055040039	0.7063953	0.001749864	17.66675	17.28912	-0.894596318819866
728	0	0.698025207663886	0.7180233	0.002254876	17.59099	17.25469	-0.916807120529654
729	0	0.720635865535587	0.625	0.002172842	17.69403	17.31435	-0.83799504627816
72	0	0.654830812569708	0.7151163	0.00261083	17.49901	17.13157	-0.80471540517879
730	0	0.726664942502975	0.7354651	0.001227057	17.83046	17.43719	-1.17905239779387
731	0	0.663203823007643	0.7238372	0.002262442	17.45198	17.20335	-0.902802328153581
732	0	0.711691000754945	0.7383721	0.001810689	17.69416	17.24096	-0.879708116365831
733	0	0.679114498361014	0.6802326	0.002885207	17.65212	17.24228	-0.583601940698513
734	0	0.660846201633103	0.6802326	0.003444254	16.75385	16.7394	-0.400703241308596
735	0	0.662563159805723	0.6424419	0.002081273	17.52839	16.99414	-0.449061485642688
736	0	0.692170692048967	0.7296512	0.001606484	17.74975	17.43787	-1.61045644089011
737	0	0.710105651430786	0.752907	0.001869493	17.8325	17.58137	-1.60755013086476
738	0	0.72292968488764	0.6918605	0.001570007	17.73673	17.38599	-1.08526170657799
739	0	0.682852802006528	0.7209302	0.003290312	17.67028	17.29303	-0.86721994244248
73	0	0.658546006819233	0.7209302	0.001990956	17.347	17.11873	-0.609632127757105
740	0	0.748554509948008	0.7267442	0.001423321	17.84404	17.54024	-1.17056728071962
741	0	0.657183041865937	0.7238372	0.002594692	17.61812	17.15152	-0.940479418294731
742	0	0.723624391993508	0.8139535	0.002172346	17.81148	17.55403	-1.438949182631
743	0	0.719402543432079	0.7063953	0.001933065	17.66902	17.31546	-0.852639632310946
744	0	0.696400625957176	0.7267442	0.002264939	17.65009	17.25974	-0.791889358977627
745	0	0.679530533612706	0.6511628	0.001970793	17.25467	17.06183	-0.563678666939347
746	0	0.652405005670153	0.6686047	0.001549676	17.5708	17.10719	-0.732772597154648
747	0	0.669794857967645	0.6424419	0.00222045	17.64172	17.22061	-0.727772439618941
748	0	0.688957375683822	0.6395349	0.001519776	17.6421	17.24273	-0.912051758775166
749	0	0.6706441226881	0.6366279	0.003306892	17.58559	17.19675	-0.85543220433279
74	0	0.688183984160423	0.5901163	0.003276377	16.99438	16.98088	-0.773741973598424
750	0	0.709900124883279	0.7209302	0.001527435	17.65213	17.28507	-1.01155065940285
751	0	0.692064530192874	0.7267442	0.00199557	17.7973	17.45297	-1.13949692060788
752	0	0.709367977268994	0.6889535	0.00127943	17.88289	17.5531	-1.68154994573325
753	0	0.700922279781662	0.7703488	0.00221309	17.7987	17.55354	-1.55424995304576
754	0	0.720174983073957	0.7877907	0.001795058	17.74057	17.36961	-1.18567778158468
755	0	0.741818714002147	0.7674419	0.001773196	17.84963	17.5323	-1.43522998804023
756	0	0.672936289035715	0.7122093	0.002088299	17.49648	17.14904	-0.89999380311151
757	0	0.691587439016439	0.7383721	0.002420529	17.64565	17.29731	-0.795362060772362
758	0	0.65918136369437	0.625	0.001250604	17.6527	17.19165	-0.764197561917344
759	0	0.706095255166292	0.6802326	0.002021581	17.61653	17.34791	-1.31085999689237
75	0	0.657121361093596	0.5988372	0.002031132	17.57175	17.08492	-1.11053089555923
760	0	0.665494825760834	0.6715116	0.003438586	17.26158	17.07201	-0.815581657069964
761	0	0.722290815599263	0.7354651	0.001107743	17.92559	17.5774	-1.2847794244018
762	0	0.742697807890363	0.7732558	0.001817287	17.72354	17.40766	-1.14962379221691
763	0	0.666812196979299	0.7151163	0.001150202	17.58374	17.13851	-1.06892988781006
764	0	0.689786979975179	0.7732558	0.001958943	17.7513	17.54311	-1.12685123979053
765	0	0.671416860003956	0.6860465	0.002280146	17.46782	17.15648	-0.823553419879068
766	0	0.657124291802757	0.5872093	0.001341632	17.07883	16.95187	-0.623931736632341
767	0	0.681884213979356	0.6133721	0.001851101	17.51207	17.15145	-0.776894500069104
768	0	0.71370076937601	0.7354651	0.001768518	17.80625	17.5087	-1.08986498124856
769	0	0.661324521363713	0.6656977	0.002493358	17.61531	17.25912	-0.82238533220927
76	0	0.746928505785763	0.7616279	0.001480057	17.69856	17.2919	-0.990617622410523
770	0	0.687476591137238	0.6104651	0.002021222	17.40804	17.11139	-0.825824619992179
771	0	0.672300676838495	0.6540698	0.002297473	17.2447	16.99256	-0.656579153839797
772	0	0.729557119961828	0.6017442	0.002370626	17.65072	17.3821	-1.58502977695405
773	0	0.747797428793274	0.7296512	0.001199014	17.65243	17.26627	-0.750886434057949
774	0	0.662999056396075	0.7267442	0.002576985	17.41297	17.06637	-0.597476232928979
775	0	0.71368169169873	0.7209302	0.001736813	17.32936	17.11885	-0.904602762369296
776	0	0.682918837596662	0.7151163	0.002158934	17.91093	17.7073	-1.65346313343343
777	0	0.688121745013632	0.6889535	0.001066251	17.67423	17.35509	-1.08359800625521
778	0	0.650244390591979	0.630814	0.003946001	17.55597	17.11252	-0.964330129799492
779	0	0.700477889366448	0.7267442	0.001312982	17.79823	17.46117	-1.56212390822918
77	0	0.706474165827967	0.7587209	0.001430821	17.77193	17.4458	-0.954557103997296
780	0	0.720177283138037	0.7093023	0.001630825	17.62366	17.22872	-0.919462746566399
781	0	0.747388256154954	0.7267442	0.001488253	17.93746	17.67836	-1.67087676670029
782	0	0.692799985455349	0.872093	0.002498044	17.81037	17.54568	-1.03074282278059
783	0	0.736521603330038	0.7383721	0.001903124	17.85731	17.57908	-1.02507237885544
784	0	0.731257216003723	0.7383721	0.002312722	17.65604	17.34089	-1.13107013026673
785	0	0.680990412738174	0.6511628	0.001934538	17.68541	17.29737	-0.895292928569406
786	0	0.682410896616057	0.6802326	0.001968521	17.1601	17.00881	-0.564897773579058
787	0	0.732707013050094	0.752907	0.001145835	17.88229	17.67118	-1.33489303975826
788	0	0.712121498049237	0.6889535	0.001340555	17.64315	17.25702	-1.01050769339737
789	0	0.672340323636308	0.6453488	0.002424762	17.6729	17.31021	-1.05945784393544
78	0	0.662551319482736	0.5755814	0.00210978	17.57602	17.10366	-0.516282521110294
790	0	0.686376338405535	0.7005814	0.001993178	17.63425	17.25357	-1.05315211724901
791	0	0.733344702678733	0.6715116	0.001979732	17.57692	17.27114	-1.12094868584141
792	0	0.705828906153329	0.7354651	0.002135803	17.62924	17.22539	-0.75031901941079
793	0	0.690278264484368	0.6860465	0.001266401	17.58509	17.21902	-0.806493932577954
794	0	0.702730432408862	0.752907	0.001520546	17.78748	17.40097	-1.1381261520673
795	0	0.722520330175757	0.7354651	0.001289038	17.82061	17.46578	-1.14805645868437
796	0	0.71108190480154	0.7616279	0.001429859	17.92666	17.65216	-1.68756256787419
797	0	0.719816970312968	0.6947674	0.0009459065	17.70762	17.45901	-1.23550442653918
798	0	0.719385263696313	0.7645349	0.002576434	17.70197	17.44325	-1.2713944006594
799	0	0.719551215437241	0.75	0.002216082	17.7374	17.41066	-1.13196846689483
79	0	0.740977334557101	0.8430233	0.002297847	17.81911	17.55239	-1.30397226737535
7	0	0.676598483882844	0.6511628	0.001725014	17.61016	17.12209	-0.408524889062006
800	0	0.744981976598501	0.7122093	0.001621639	18.02183	17.69318	-2.08049612825003
801	0	0.665220857807435	0.755814	0.001039666	17.70352	17.41676	-0.824555488991221
802	0	0.745100226881914	0.8372093	0.001453093	17.93528	17.67513	-1.54115851170321
803	0	0.663319524331018	0.630814	0.002181417	17.03829	16.91263	-0.603371240912435
804	0	0.697369099874049	0.7412791	0.002426764	17.60443	17.1569	-0.897297198667303
805	0	0.720776502159424	0.6947674	0.002080061	17.64575	17.27545	-0.81470467579875
806	0	0.669266066141427	0.5784884	0.002224669	17.26104	17.06551	-0.275009238807851
807	0	0.740318205044605	0.6715116	0.00158426	17.78075	17.58423	-1.66734593939009
808	0	0.727040932467207	0.7209302	0.002204845	17.665	17.35593	-0.956724312042732
809	0	0.743577839178033	0.8168605	0.002157712	17.80809	17.61914	-1.5311064946425
80	0	0.709474557684734	0.7354651	0.001002118	17.55555	17.24388	-1.08634271281193
810	0	0.665745906764641	0.6889535	0.002109771	17.69504	17.24631	-0.785563884598362
811	0	0.665398026769981	0.5726744	0.00183472	17.12984	16.96628	-0.511157675609229
812	0	0.654827760532498	0.6773256	0.001875417	17.59797	17.22352	-0.771396112246148
813	0	0.680496945884079	0.6918605	0.001759111	17.64431	17.28705	-1.20679996336739
814	0	0.704389313119464	0.7616279	0.002285845	17.70407	17.35297	-1.3438795176569
815	0	0.704866648185998	0.6831395	0.001334278	17.68729	17.39245	-1.08894102613736
816	0	0.74169146460481	0.755814	0.002437773	17.79127	17.55929	-1.72732777230754
817	0	0.686243662377819	0.6366279	0.001740609	17.57125	17.11498	-0.751840668539625
818	0	0.725635872036219	0.7063953	0.001667563	17.67731	17.33615	-1.05477672122201
819	0	0.726725756656379	0.6976744	0.002140655	17.74057	17.41287	-1.12662329366407
81	0	0.683541317540221	0.744186	0.002587061	17.67797	17.31309	-1.2838563910018
820	0	0.700036050286144	0.7296512	0.000965567	17.74216	17.33777	-1.24172122302852
821	0	0.662385662668385	0.5726744	0.00170702	17.31201	17.14482	-0.879804449130375
822	0	0.724490118259564	0.6773256	0.001559106	17.71456	17.35521	-0.805042761843536
823	0	0.690693597937934	0.6773256	0.001934746	17.80241	17.43307	-1.21516177157874
824	0	0.683128323196433	0.7325581	0.001798071	17.65923	17.27777	-1.09899707236783
825	0	0.738615097827278	0.8284884	0.00146571	17.82788	17.59911	-1.74961587823147
826	0	0.719350390089676	0.6918605	0.001407646	17.71134	17.35906	-1.23159943439883
827	0	0.729154159035534	0.7267442	0.001183395	17.81847	17.56167	-1.38265955174614
828	0	0.721501768613234	0.6366279	0.001525654	17.47226	17.1858	-0.611827266080157
829	0	0.715053996164352	0.7063953	0.001451101	17.69735	17.39357	-1.16919334576244
82	0	0.730953320208937	0.7238372	0.001635745	17.65554	17.34278	-1.03901231485809
830	0	0.682793647912331	0.7703488	0.002470585	17.63089	17.24192	-1.35286810827554
831	0	0.744049978186376	0.6860465	0.001634566	17.65787	17.33662	-1.17391222898768
832	0	0.72835925668478	0.7296512	0.001395825	17.77718	17.5204	-1.22683587343655
833	0	0.680433666007593	0.6017442	0.002685504	16.97984	16.91751	-0.347730576998876
834	0	0.728456938685849	0.75	0.001394747	17.80481	17.50701	-1.68519916854989
835	0	0.741073372215033	0.7994186	0.001209401	17.93509	17.70289	-2.06159891522162
836	0	0.746344117564149	0.8139535	0.003130213	17.79188	17.45959	-1.40174542157989
837	0	0.738561153248884	0.7005814	0.001580349	17.70379	17.39596	-0.830070407863293
838	0	0.670367053896189	0.627907	0.001768985	17.68065	17.27745	-0.804569571612901
839	0	0.743921229476109	0.7645349	0.002129462	17.75399	17.46149	-1.19542180491388
83	0	0.663252837234177	0.7296512	0.001334043	17.56309	17.13733	-0.715465962659177
840	0	0.713011177117005	0.6540698	0.001462952	17.62863	17.2198	-0.778598976045105
841	0	0.673772918665782	0.6162791	0.003145464	17.22343	17.07317	-0.709208011652263
842	0	0.739656238048337	0.7936047	0.001298902	17.82924	17.54046	-1.66420235348458
843	0	0.684750076127239	0.6686047	0.00161733	17.65297	17.31405	-1.04309451512814
844	0	0.691698901983909	0.6947674	0.0024844	17.78272	17.41861	-0.860875473052524
845	0	0.748266683449037	0.7005814	0.001705185	17.8887	17.69562	-1.41691744092649
846	0	0.690290174004622	0.5959302	0.002023641	17.3427	17.02872	-0.66701983214026
847	0	0.732214543828741	0.6860465	0.001671837	17.73246	17.33477	-1.26488923903978
848	0	0.705430714809336	0.6337209	0.002031233	17.7233	17.43721	-1.05117146261505
849	0	0.702568270312622	0.7093023	0.002053195	17.64305	17.27079	-0.724886352570104
84	0	0.671475738333538	0.630814	0.002439056	17.26635	17.12842	-0.778246384356108
850	0	0.683870808873326	0.6831395	0.002322749	17.48653	17.08013	-0.487658751320762
851	0	0.720007380144671	0.7005814	0.002021679	17.74178	17.53353	-1.46343427783984
852	0	0.720283898641355	0.6540698	0.002629321	17.53818	17.26644	-0.95617135606406
853	0	0.726178288296796	0.7703488	0.001912389	17.65407	17.33142	-1.18098232179776
854	0	0.74242327590473	0.7063953	0.001682043	17.68123	17.27062	-1.01197048503145
855	0	0.654855297924951	0.6627907	0.001357901	17.6179	17.18769	-0.828154591252528
856	0	0.70042176975403	0.630814	0.003057738	17.61682	17.25743	-1.11006062731854
857	0	0.701578986411914	0.75	0.002682131	17.77371	17.47165	-0.912349593473581
858	0	0.665817833482288	0.6918605	0.001624575	17.63264	17.30706	-1.47004612544284
859	0	0.720227907691151	0.7267442	0.001393675	17.67559	17.3593	-1.02361230916228
85	0	0.682389541808516	0.6569767	0.001462437	17.67005	17.28685	-0.895785679767179
860	0	0.678149014571682	0.6802326	0.001753943	17.75331	17.35891	-1.50560933023723
861	0	0.73194115171209	0.7238372	0.001270036	17.41806	17.03086	-0.57463921242838
862	0	0.681600363762118	0.7674419	0.002187247	17.47391	17.16905	-0.675688873651245
863	0	0.704203329514712	0.6860465	0.001849943	17.51395	17.12417	-0.630901542341735
864	0	0.71812130054459	0.6656977	0.001568134	17.66951	17.27086	-0.95527425213801
865	0	0.651843551103957	0.6569767	0.003002843	17.22552	17.06921	-1.11889700269972
866	0	0.650170380272903	0.5872093	0.001877967	17.37512	17.02077	-0.669372892882081
867	0	0.67655377893243	0.7063953	0.003452827	17.5167	17.11912	-0.772164616357488
868	0	0.6672245668713	0.7209302	0.00161292	17.6501	17.26662	-0.907448685331392
869	0	0.731626161793247	0.7267442	0.001989233	17.66603	17.29895	-0.869452016941581
86	0	0.695097373658791	0.6511628	0.002428762	17.15481	17.0652	-0.502414423060388
870	0	0.650145668163896	0.7267442	0.002732018	17.58262	17.17008	-1.14288867370029
871	0	0.651438274560496	0.6511628	0.001328316	17.69313	17.30127	-0.92219030685523
872	0	0.69382104377728	0.6366279	0.002286131	17.26698	17.0248	-0.420572646800386
873	0	0.720243771187961	0.7819767	0.002427989	17.60986	17.2593	-1.05943462077971
874	0	0.735231706313789	0.7005814	0.001413916	17.60044	17.20632	-0.671334421390785
875	0	0.712784288753755	0.7412791	0.001902242	17.82118	17.59319	-1.46143685894412
876	0	0.701716674934141	0.7848837	0.002206456	17.72328	17.39254	-0.979618851349695
877	0	0.688476266153157	0.7093023	0.002077001	17.68896	17.40533	-1.21676897246896
878	0	0.651795342424884	0.6366279	0.001807618	17.30911	17.06624	-0.610335818342863
879	0	0.668457877053879	0.6860465	0.002207379	17.59591	17.28299	-0.765594198585945
87	0	0.698305990919471	0.6598837	0.001240083	17.62573	17.32644	-0.991133864908699
880	0	0.745436602155678	0.7296512	0.002425626	17.57636	17.17057	-0.821196691463642
881	0	0.720081113628112	0.6831395	0.001910133	17.57232	17.17814	-1.06869187444992
882	0	0.745361865125597	0.7616279	0.001731227	17.81483	17.54983	-1.4163794364656
883	0	0.685370824462734	0.7093023	0.001723933	17.68056	17.21709	-0.888629544559427
884	0	0.735233211703598	0.747093	0.001380841	17.56711	17.31112	-1.01914016091549
885	0	0.730789802758954	0.7354651	0.001395062	17.79869	17.46406	-1.23029954701421
886	0	0.697962205670774	0.744186	0.001898059	17.65799	17.20408	-0.784237902599771
887	0	0.653550469921902	0.622093	0.003384314	16.81943	16.77925	-0.308088678709922
888	0	0.676682370877825	0.7005814	0.002267815	17.67128	17.31601	-0.923319044705339
889	0	0.717114620353095	0.7732558	0.001818987	17.79837	17.47789	-1.11946027092023
88	0	0.736240550735965	0.7616279	0.00183599	17.77895	17.48215	-0.870486669970832
890	0	0.688007686752826	0.755814	0.001318561	17.40856	17.19756	-1.19081492866461
891	0	0.700224820547737	0.6453488	0.003186588	17.40094	17.19768	-0.731572951224304
892	0	0.714144290541299	0.8343023	0.002438521	17.71917	17.38892	-1.10701734975284
893	0	0.749554100492969	0.6976744	0.003215481	17.77784	17.39729	-1.03790124560635
894	0	0.702432659128681	0.752907	0.00111768	17.61001	17.34199	-1.12231559596803
895	0	0.696319736307487	0.7383721	0.001554441	17.73151	17.42274	-1.03818362641372
896	0	0.729421958653256	0.6627907	0.002150148	17.65209	17.30071	-1.01942274358553
897	0	0.71540278820321	0.7180233	0.00244045	17.69829	17.37267	-1.36166890890085
898	0	0.744815480383113	0.7616279	0.001603176	17.88959	17.63411	-1.09569805241659
899	0	0.671599077549763	0.6744186	0.001937152	17.69641	17.42959	-1.21497388031961
89	0	0.715118156559765	0.5959302	0.002707246	17.70849	17.39102	-0.969561872206187
8	0	0.739614575193264	0.7412791	0.002238541	17.56736	17.11467	-0.667796685376079
900	0	0.749776781629771	0.8168605	0.001543153	17.84779	17.60118	-1.49998543799579
901	0	0.694259111350402	0.7005814	0.002032202	17.81364	17.42875	-0.937608841992916
902	0	0.695685960282572	0.6831395	0.001245093	17.73369	17.41154	-1.0301841823749
903	0	0.726745922537521	0.6802326	0.001510143	17.70942	17.3451	-1.11048279588769
904	0	0.738657380104996	0.7674419	0.002975623	17.86485	17.613	-1.70963343250189
905	0	0.683175087161362	0.7063953	0.001572967	17.49954	17.11514	-0.862767347125516
906	0	0.671963283140212	0.6860465	0.002375542	17.64445	17.24987	-0.884826414803801
907	0	0.74249245240353	0.7267442	0.001777765	17.6366	17.26983	-1.31466460256681
908	0	0.73438160859514	0.7151163	0.00180135	17.66743	17.32967	-1.33163546159949
909	0	0.659663250856102	0.6627907	0.002696623	17.31791	17.12741	-0.652691548013027
90	0	0.737013726285659	0.622093	0.002549228	17.85169	17.57571	-1.20034812065193
910	0	0.699766768841073	0.752907	0.001618078	17.59417	17.24002	-1.07441400023391
911	0	0.687389748729765	0.6366279	0.001816848	17.5709	17.07756	-0.491151618247307
912	0	0.688769599422812	0.5930233	0.002265862	17.65276	17.19041	-0.882140960957905
913	0	0.734626915422268	0.752907	0.001757983	17.6497	17.28047	-1.34506883444468
914	0	0.656454654526897	0.6395349	0.002010181	16.89779	16.90183	-0.31151335542814
915	0	0.676620263466612	0.747093	0.001224806	17.76571	17.41474	-1.17890147465127
916	0	0.739121483708732	0.7965116	0.002108645	17.82226	17.61517	-1.83750016195943
917	0	0.685738727636635	0.6656977	0.001959839	17.24779	17.07887	-0.550284933217929
918	0	0.749683154001832	0.6889535	0.002008402	17.66689	17.29925	-0.847436600105359
919	0	0.688306213612668	0.6947674	0.002120985	17.74498	17.5454	-1.24468583739855
91	0	0.660643312474713	0.6947674	0.001663956	17.22334	17.13577	-0.925894160062209
920	0	0.664769899938256	0.6395349	0.00343713	17.32862	16.91359	-0.247685262124912
921	0	0.694878799025901	0.7180233	0.002460501	17.49947	17.18474	-0.92017882391826
922	0	0.688801979389973	0.7587209	0.001148934	17.65915	17.31592	-0.929024868611948
923	0	0.697056148969568	0.6831395	0.002448218	17.58221	17.14992	-0.626275485183166
924	0	0.741749339457601	0.8110465	0.002182511	17.85703	17.61173	-1.91386515488288
925	0	0.721695336722769	0.6511628	0.001970184	17.65325	17.28188	-0.903155059383003
926	0	0.67142148015555	0.6744186	0.001838085	17.65219	17.19502	-0.734339117881608
927	0	0.692517377831973	0.625	0.001845696	17.63995	17.1922	-0.868115984894806
928	0	0.698674596333876	0.6656977	0.002289326	17.66082	17.23534	-0.936073570299703
929	0	0.71444507970009	0.7296512	0.002839442	17.68782	17.36338	-1.09694967576399
92	0	0.707250765105709	0.6482558	0.002782647	17.80305	17.4753	-1.19830716419448
930	0	0.660797161934897	0.627907	0.002223808	17.41922	17.02724	-0.720877428788037
931	0	0.723765816912055	0.7005814	0.001644298	17.5331	17.15668	-0.825340024356706
932	0	0.664245563675649	0.625	0.002378412	17.52412	17.19079	-1.00774927284201
933	0	0.747964216722176	0.7848837	0.001424207	17.92227	17.69932	-1.47968470913625
934	0	0.657110501639545	0.7034884	0.002488751	17.58397	17.18592	-0.966430836224302
935	0	0.680991569301113	0.7209302	0.001597442	17.76258	17.43432	-1.16301607768376
936	0	0.700916892569512	0.6686047	0.003114354	17.36377	17.01864	-0.705624151925766
937	0	0.676344897109084	0.6453488	0.003135236	17.23446	17.06595	-0.696796368809408
938	0	0.661239973758347	0.6627907	0.001545928	17.6239	17.29857	-0.849757374236228
939	0	0.669539850717411	0.7354651	0.001238901	17.68944	17.3427	-1.011604142739
93	0	0.670410782680847	0.6627907	0.001573055	17.12787	17.03083	-0.330481696242141
940	0	0.674562460533343	0.6947674	0.002060797	16.97518	16.89214	-0.690209665287128
941	0	0.722563567874022	0.7238372	0.001516846	17.81322	17.39197	-1.02528109845823
942	0	0.746433021291159	0.7703488	0.001128593	17.85681	17.55794	-1.21560683883751
943	0	0.654120011604391	0.630814	0.001355803	17.70945	17.33598	-0.689537895582772
944	0	0.682284105126746	0.6831395	0.002372494	17.74265	17.40366	-0.844374492939669
945	0	0.674208225985058	0.7005814	0.002422471	17.69311	17.29229	-0.886316511394001
946	0	0.715441330778413	0.6860465	0.001385756	17.67661	17.25368	-0.87311411290579
947	0	0.720301427529193	0.75	0.001549234	17.73959	17.27587	-0.8932463083218
948	0	0.684966636728495	0.7034884	0.001826035	17.6629	17.15395	-0.906309660503051
949	0	0.680777635914274	0.6075581	0.001540776	17.55079	17.10971	-0.808601815989282
94	0	0.725587802310474	0.6918605	0.001776212	17.63859	17.29271	-1.00209299096414
950	0	0.664357571094297	0.6337209	0.001347018	17.1516	17.01759	-0.434980061633271
951	0	0.71665372394491	0.5668605	0.00167417	17.49518	17.18085	-0.960027620978407
952	0	0.66954546016641	0.6511628	0.001607224	17.62794	17.27625	-0.933628061330825
953	0	0.679015786503442	0.6569767	0.003109608	17.5792	17.21933	-0.781680071536403
954	0	0.689266819623299	0.7238372	0.001640315	17.66732	17.28331	-1.3897986212482
955	0	0.735109382751398	0.7151163	0.001706229	17.76133	17.43179	-1.02177603664858
956	0	0.747331944853067	0.7616279	0.001181998	17.7403	17.43333	-1.19476985914679
957	0	0.697743036062457	0.6976744	0.003153554	17.66528	17.23429	-1.26960088424502
958	0	0.668970318324864	0.7296512	0.001034275	17.60675	17.11157	-0.474928859029548
959	0	0.713490271684714	0.6802326	0.001617532	17.6716	17.40725	-1.59493048918689
95	0	0.737859767396003	0.744186	0.001740872	17.83323	17.51239	-1.43426373524214
960	0	0.731381800444797	0.7761628	0.001466437	17.87135	17.66675	-1.64121574254135
961	0	0.683420025696978	0.6453488	0.002079429	17.58926	17.19081	-0.921307337593696
962	0	0.677476767939515	0.6686047	0.001697778	17.66065	17.22905	-0.747675534029021
963	0	0.662152862804942	0.6598837	0.001564921	17.03327	16.96285	-0.368721139252763
964	0	0.716984970355406	0.7063953	0.001577914	17.63413	17.10512	-0.56391899752519
965	0	0.72904996285215	0.7761628	0.00186984	17.61804	17.37867	-0.934439171935791
966	0	0.712020462262444	0.6656977	0.00178445	17.7287	17.40196	-1.09719786753887
967	0	0.676565824984573	0.5872093	0.001843507	17.58487	17.22996	-0.882893435693053
968	0	0.667792607820593	0.6656977	0.003715866	17.34329	17.01514	-0.655558243721582
969	0	0.724711107625626	0.8517442	0.002205337	17.92391	17.63863	-1.9403407270377
96	0	0.698410423938185	0.6831395	0.001889364	17.74546	17.3503	-1.17964126290109
970	0	0.665519106970169	0.619186	0.001794568	17.66118	17.20424	-0.741396139420286
971	0	0.653878103289753	0.7616279	0.001869188	17.71932	17.35388	-0.656594270709494
972	0	0.661625164258294	0.6511628	0.001788487	17.23742	17.02296	-0.468714469317038
973	0	0.693819064018317	0.6424419	0.001820172	17.64434	17.30819	-0.662207893019667
974	0	0.687364451796748	0.75	0.001362416	17.61882	17.28488	-0.945132819886045
975	0	0.714057707856409	0.755814	0.002954535	17.21727	17.12601	-0.824244504735769
976	0	0.687154680280946	0.6802326	0.00204801	17.57585	17.15486	-1.08342962698416
977	0	0.685318108811043	0.7005814	0.001428303	17.65782	17.38231	-1.24597972170713
978	0	0.66516732624732	0.6511628	0.001668282	16.94549	16.97561	-0.596000900151217
979	0	0.658808861766011	0.5843023	0.002162876	17.25515	16.92781	-0.629678342594207
97	0	0.727081002341583	0.7674419	0.002007913	17.91952	17.67391	-1.76255378561113
980	0	0.685537206288427	0.7383721	0.001681413	17.59556	17.23912	-0.902385190178083
981	0	0.70945572075434	0.6889535	0.00218947	17.4049	17.07823	-0.671965346252233
982	0	0.665304263308644	0.5872093	0.002075863	17.65646	17.16602	-0.612121535483946
983	0	0.709657824784517	0.752907	0.001086718	17.87688	17.61155	-1.22546738924776
984	0	0.660070838453248	0.6162791	0.002555135	16.97864	16.96602	-0.614169029266445
985	0	0.743224443984218	0.7005814	0.001954482	17.85341	17.50093	-1.14808952540031
986	0	0.722426321590319	0.7848837	0.002044995	17.86681	17.61373	-1.27601348177595
987	0	0.670510148187168	0.6104651	0.001381648	17.60229	17.22346	-0.867845411454004
988	0	0.74308565966785	0.6889535	0.002190195	17.57731	17.14975	-0.649335256074863
989	0	0.66055581360124	0.7180233	0.003010002	17.65905	17.30048	-1.24212649487252
98	0	0.73570907227695	0.7383721	0.002461044	17.76207	17.4055	-1.13562166780161
990	0	0.650319721316919	0.6540698	0.001212734	17.42042	17.1651	-1.37742538441494
991	0	0.666192618594505	0.6831395	0.001445951	17.51863	17.17041	-0.934667712098072
992	0	0.744852715474553	0.7645349	0.002093635	17.78391	17.47654	-1.48345996242729
993	0	0.669355255621485	0.7063953	0.002482017	17.66455	17.36992	-0.997896166153657
994	0	0.713410905911587	0.7005814	0.002249968	17.83497	17.56273	-1.17801824453579
995	0	0.699872765876353	0.7180233	0.001369389	17.37829	17.05252	-0.66756634410851
996	0	0.697564574633725	0.6976744	0.00198889	17.67912	17.31141	-0.921785504465548
997	0	0.673539179214276	0.7325581	0.001929494	17.66103	17.2155	-1.00557568795232
998	0	0.733117666654289	0.7093023	0.001196992	17.69959	17.31603	-0.986656392431072
999	0	0.701014261809178	0.6947674	0.002795542	17.81129	17.45542	-1.11310556467286
99	0	0.721094294404611	0.7994186	0.002709279	17.6709	17.31848	-1.41437380081654
9	0	0.664247215376236	0.6569767	0.001949688	17.46706	17.11653	-0.564908037806153
