seed	s	m	bene_prop	var_prop	median_tract	mean_tract	iDAT_score
1000	0	0.686353366402909	0.6482558	0.0007705397	17.75933	17.40813	-1.01479852580755
100	0	0.729044859390706	0.7383721	0.0006499229	17.85941	17.54275	-1.00519396010673
101	0	0.704342529503629	0.7180233	0.0007007918	17.69964	17.41384	-1.0342397631864
102	0	0.725722690648399	0.7151163	0.0004385981	17.82033	17.54695	-0.91295944959172
103	0	0.745704026520252	0.747093	0.0005902377	17.9826	17.71541	-1.62247090737387
104	0	0.719056563172489	0.7063953	0.0005470071	17.76679	17.45017	-1.03584745987392
105	0	0.687059868313372	0.7005814	0.0007068231	17.69889	17.36213	-0.82010343722063
106	0	0.704389856266789	0.7354651	0.0006480657	17.62742	17.22103	-0.676945212336809
107	0	0.711526781343855	0.7151163	0.0008420343	17.71136	17.43051	-0.804040920771737
108	0	0.714271926064976	0.6976744	0.0007005211	17.84602	17.57663	-1.27528635595954
109	0	0.713769555254839	0.7093023	0.0007148543	17.72621	17.41458	-1.02105320970071
10	0	0.650056807254441	0.6773256	0.0007957691	17.51189	17.14858	-0.731116842795182
110	0	0.67744931045454	0.6947674	0.0007245285	17.68792	17.33889	-0.943844410858691
111	0	0.731734419753775	0.7325581	0.0006018821	17.87709	17.60319	-1.56953803983933
112	0	0.713625745126046	0.744186	0.000544048	17.71871	17.35352	-0.684970965312087
113	0	0.692588572972454	0.7703488	0.0008206791	17.74025	17.48191	-0.96652576189049
114	0	0.670206460170448	0.6075581	0.0005351928	17.69426	17.34922	-0.723352395589909
115	0	0.729218434076756	0.7034884	0.0004295165	17.89884	17.63849	-1.16145728534256
116	0	0.740231025102548	0.7296512	0.0004000318	17.86134	17.63385	-1.55548417642807
117	0	0.666250268532895	0.6773256	0.0005378557	17.68537	17.34808	-0.698586770881108
118	0	0.688213167595677	0.6744186	0.0008495256	17.79595	17.49366	-0.969307851922364
119	0	0.726751842536032	0.7093023	0.0007961309	17.87929	17.55274	-1.1851215321392
11	0	0.738198583200574	0.7005814	0.0006459465	17.78266	17.55289	-1.43651592186199
120	0	0.714862179220654	0.7616279	0.0007091529	17.70271	17.36957	-1.18217594483465
121	0	0.747121141129173	0.7238372	0.000429402	17.82781	17.46467	-0.944099353009358
122	0	0.747474158066325	0.75	0.0005827201	17.87089	17.54759	-1.12611986956996
123	0	0.70085247035604	0.7122093	0.0007258825	17.76625	17.47449	-1.04526858570978
124	0	0.698852270585485	0.7209302	0.0005062794	17.57737	17.28501	-0.885777731052018
125	0	0.718930770503357	0.7122093	0.0007651575	17.81953	17.60394	-1.21975292034612
126	0	0.718774012639187	0.7267442	0.000977717	17.71337	17.40032	-1.05606490521584
127	0	0.700000814371742	0.6860465	0.0006087042	17.79198	17.48689	-0.975883735066867
128	0	0.669683072878979	0.7093023	0.000695905	17.6927	17.33624	-0.806853812557826
129	0	0.703384579648264	0.7093023	0.0007166	17.87864	17.64593	-1.24687256439914
12	0	0.712399517861195	0.6947674	0.0008218469	17.69916	17.47596	-1.09292250572143
130	0	0.691288743307814	0.6540698	0.0008029739	17.74069	17.41649	-1.04591091973814
131	0	0.729784383019432	0.75	0.0006878998	17.80085	17.42837	-1.16848168499972
132	0	0.714397061592899	0.747093	0.0005466381	17.75072	17.37501	-1.06360167618028
133	0	0.702906846161932	0.6569767	0.0006906257	17.67554	17.36478	-0.776564612404052
134	0	0.690005167853087	0.7209302	0.0009037128	17.6495	17.34468	-0.786841396274581
135	0	0.71638731888961	0.7180233	0.0008656459	17.7512	17.50379	-1.20266193876049
136	0	0.692386259231716	0.7267442	0.0004807636	17.65783	17.29422	-0.688558199533865
137	0	0.692722804611549	0.6511628	0.0006277001	17.73765	17.37696	-0.90238455441946
138	0	0.679820215189829	0.7325581	0.0007577125	17.71772	17.40446	-1.01615387630967
139	0	0.724233909440227	0.7209302	0.0007318677	17.83971	17.58859	-1.43404428663567
13	0	0.660088084870949	0.630814	0.0005257895	17.3313	17.20217	-0.41317122881598
140	0	0.67298033980187	0.627907	0.0007080973	17.67744	17.34193	-0.758213432428411
141	0	0.71362194637768	0.6715116	0.0006654075	17.70911	17.35772	-1.09168765855413
142	0	0.74956271762494	0.7412791	0.0005781466	17.82651	17.58942	-1.33869844003549
143	0	0.711278158961795	0.744186	0.0007369586	17.81276	17.59845	-1.29319647778129
144	0	0.707407055306248	0.7063953	0.0007097511	17.77664	17.51613	-1.21175805090016
145	0	0.704853331390768	0.7063953	0.0006980884	17.69363	17.40832	-0.844193297013155
146	0	0.698304731724784	0.7325581	0.0007953454	17.77829	17.50609	-1.04964241087408
147	0	0.676170611334965	0.6686047	0.0005307109	17.6965	17.38042	-0.939838832524154
148	0	0.711552204075269	0.6715116	0.0007419514	17.82046	17.58489	-1.21341016137757
149	0	0.684447103645653	0.6860465	0.0009411909	17.71721	17.37374	-0.930943491902915
14	0	0.732116400334053	0.7180233	0.0007909505	17.83731	17.59344	-1.16292845087912
150	0	0.651855222997256	0.6889535	0.0007347197	17.64501	17.28149	-0.685150571412893
151	0	0.679158228891902	0.7093023	0.0006531824	17.73899	17.43195	-0.992806890785668
152	0	0.674599174875766	0.6482558	0.0007388621	17.71071	17.32357	-1.14373817961814
153	0	0.711648951703683	0.7151163	0.0006022433	17.70133	17.42007	-0.928968397009771
154	0	0.707666926039383	0.6831395	0.0005267341	17.81674	17.48776	-1.01526136517064
155	0	0.67034838036634	0.6744186	0.0006003537	17.71349	17.51172	-1.05561649419421
156	0	0.658416053443216	0.6744186	0.0005876603	17.56025	17.18144	-0.640782615329601
157	0	0.688753703981638	0.7296512	0.0005767896	17.70291	17.40166	-0.859389119552212
158	0	0.683790618414059	0.6104651	0.0006613606	17.57971	17.26854	-0.514201413817318
159	0	0.706736739561893	0.7151163	0.0005974159	17.78047	17.43346	-1.15316327444588
15	0	0.715631996048614	0.7296512	0.0005557084	17.84838	17.58928	-1.20299874995476
160	0	0.710047011310235	0.7267442	0.0005877849	17.82008	17.54208	-1.18496783182079
161	0	0.679691875772551	0.6715116	0.000661008	17.79542	17.38373	-1.06302938039202
162	0	0.726856998959556	0.75	0.0006432763	17.84017	17.57707	-1.18357148996767
163	0	0.702274276548997	0.6947674	0.000456896	17.78094	17.43114	-0.89761033718381
164	0	0.659879949782044	0.6337209	0.0006022406	17.64146	17.26341	-0.554024811606114
165	0	0.732407429860905	0.6802326	0.0009917142	17.83674	17.58832	-1.16156278336639
166	0	0.658854211843573	0.6162791	0.0005972638	17.66559	17.33381	-0.719469979717554
167	0	0.654650480020791	0.6337209	0.0005650864	17.60695	17.21518	-0.896746409078426
168	0	0.665554314060137	0.6395349	0.0007622891	17.41176	17.20335	-0.554209929657983
169	0	0.680070487596095	0.6773256	0.0006719002	17.69499	17.38036	-0.912344716393488
16	0	0.70749615340028	0.6569767	0.001064943	17.7062	17.41743	-1.02626210946586
170	0	0.689949808758684	0.6831395	0.000849467	17.68125	17.30542	-1.20616760550132
171	0	0.707399924797937	0.6976744	0.0007018578	17.72685	17.46573	-0.980958237775879
172	0	0.719628594932146	0.6511628	0.0007602812	17.79992	17.46753	-1.00312718522925
173	0	0.691323894541711	0.7063953	0.0006338943	17.75004	17.44968	-0.988151985893767
174	0	0.702985891676508	0.6831395	0.0006427693	17.78381	17.56838	-1.18846206564977
175	0	0.694262597989291	0.6860465	0.0007512081	17.78444	17.55528	-1.23683270154334
176	0	0.741552900080569	0.752907	0.0008976162	17.86944	17.59544	-1.10862422039135
177	0	0.664584782533348	0.6627907	0.0008064812	17.71205	17.44742	-0.72974383719417
178	0	0.702377822599374	0.7209302	0.001081671	17.63432	17.42107	-1.11512963032032
179	0	0.692844460834749	0.7063953	0.0004528695	17.74205	17.4518	-1.15980165932333
17	0	0.728649468533695	0.7325581	0.0005430303	17.79469	17.56951	-1.01599018148621
180	0	0.689120339904912	0.6773256	0.0004462238	17.76011	17.49424	-0.968306994336754
181	0	0.748533372301608	0.7412791	0.0004693545	17.83227	17.6284	-1.23139920733184
182	0	0.660274512553588	0.6569767	0.0006217732	17.69963	17.34031	-0.608027463754169
183	0	0.719427920388989	0.6889535	0.0006808699	17.92392	17.64091	-1.28877834843852
184	0	0.671750126429833	0.6802326	0.0006026369	17.70681	17.2918	-1.06360822872839
185	0	0.650574238132685	0.6366279	0.0005700153	17.60986	17.28054	-0.509894882775502
186	0	0.727279094792902	0.7877907	0.0007651227	17.79159	17.62155	-1.58962944341119
187	0	0.696887589409016	0.6715116	0.0007931613	17.722	17.34993	-0.647407428938004
188	0	0.666285914485343	0.6802326	0.0005869325	17.69615	17.40912	-0.634686051742511
189	0	0.695467549725436	0.6744186	0.001010318	17.76848	17.54017	-0.90309664924447
18	0	0.735362738627009	0.7383721	0.0004413087	17.79871	17.51787	-1.03174319526922
190	0	0.736630985164084	0.7383721	0.0005816884	17.93267	17.65382	-1.26516177398989
191	0	0.666843185108155	0.6424419	0.0004750628	17.73409	17.38671	-0.923905024041925
192	0	0.705151594546624	0.6976744	0.0006097606	17.85572	17.5277	-1.2280406863079
193	0	0.667868536594324	0.6627907	0.0007332851	17.59216	17.24085	-0.585798413835399
194	0	0.71833245868329	0.7761628	0.0006494617	17.7077	17.43044	-0.960881476116312
195	0	0.743370121787302	0.75	0.0007123105	17.87545	17.70648	-1.3438289638068
196	0	0.654682228388265	0.6715116	0.0007022515	17.57389	17.22186	-0.587252463833704
197	0	0.70419159817975	0.7180233	0.0005405145	17.83606	17.56759	-1.35088867564655
198	0	0.740569061948918	0.7325581	0.0004021798	17.82424	17.49292	-0.908181270688062
199	0	0.675343403732404	0.7151163	0.001216311	17.68904	17.33916	-0.883563752731864
19	0	0.702379510249011	0.7005814	0.0006927685	17.74171	17.44623	-1.06930710072071
1	0	0.699783053947613	0.7238372	0.0007535519	17.77148	17.43027	-1.04878901108148
200	0	0.746569629316218	0.7063953	0.0005668026	17.85124	17.64671	-1.28235332660744
201	0	0.721897925017402	0.7180233	0.0006181948	17.67896	17.41316	-0.7946480692936
202	0	0.660982792987488	0.6395349	0.0007949745	17.62095	17.29945	-0.699517393724995
203	0	0.684851972479373	0.7034884	0.0004291767	17.75681	17.3757	-0.812052389743053
204	0	0.658377793361433	0.6860465	0.000721447	17.57892	17.28339	-0.725254581911518
205	0	0.744652829878032	0.7383721	0.0006390649	17.83465	17.59682	-1.26518913547224
206	0	0.672150779259391	0.6656977	0.0006721424	17.7264	17.30406	-0.600598794222933
207	0	0.714309902628884	0.7209302	0.000617597	17.74621	17.41958	-1.14806758247997
208	0	0.709570665052161	0.6918605	0.0004136639	17.76132	17.45123	-0.929240138430419
209	0	0.739947290858254	0.7122093	0.0005336332	17.90447	17.66794	-1.50729497062978
20	0	0.701508053089492	0.6569767	0.0005376411	17.84496	17.56886	-1.00146494464014
210	0	0.658731266460381	0.6744186	0.0008739453	17.67572	17.30211	-0.670998075964745
211	0	0.666320022847503	0.6744186	0.0009377422	17.66453	17.28382	-0.92385174099274
212	0	0.699388442072086	0.6918605	0.0006490241	17.80433	17.41948	-0.964695650731964
213	0	0.719929055008106	0.6918605	0.0004907083	17.74399	17.43317	-1.17166684572545
214	0	0.655569902458228	0.6569767	0.0009218281	17.61483	17.2861	-0.763972229954679
215	0	0.723983332933858	0.7209302	0.0006420917	17.83769	17.59651	-1.36084864687445
216	0	0.704210854531266	0.7354651	0.000680179	17.82604	17.42656	-1.01538247145462
217	0	0.732543898303993	0.7325581	0.0006140325	17.81872	17.53613	-1.13487488733906
218	0	0.70721088189166	0.6947674	0.0004324298	17.75264	17.48064	-1.16457086715728
219	0	0.733076018770225	0.747093	0.0008425085	17.66076	17.3739	-1.07132774690035
21	0	0.677154568280093	0.6075581	0.0006427171	17.74457	17.43909	-1.00391699591801
220	0	0.65370350049343	0.6860465	0.0008047463	17.66975	17.26192	-0.651607465474521
221	0	0.657486377679743	0.6686047	0.0009174314	17.68797	17.34499	-0.823426083952235
222	0	0.668690335331485	0.6337209	0.0007289301	17.69843	17.43762	-0.894585367953853
223	0	0.745423265732825	0.7732558	0.0006621391	17.98559	17.67329	-1.73254855642801
224	0	0.698096132418141	0.6860465	0.0008548742	17.75293	17.42174	-0.780293841248183
225	0	0.695983243384399	0.7354651	0.000662653	17.72456	17.44206	-0.849536063435277
226	0	0.657686037593521	0.627907	0.0008185114	17.61981	17.35271	-0.854879641701575
227	0	0.670172381191514	0.622093	0.000571157	17.58759	17.15462	-0.524276011204322
228	0	0.67110303521622	0.630814	0.0005752846	17.65081	17.23164	-0.83579751812902
229	0	0.651000312529504	0.5988372	0.000643264	17.66292	17.28647	-0.688285798435317
22	0	0.716686734347604	0.7645349	0.0005734674	17.76617	17.56558	-1.16995799178115
230	0	0.657487739715725	0.627907	0.0006357355	17.61825	17.20758	-0.87053933763505
231	0	0.717297072615474	0.7122093	0.0006005897	17.81173	17.36863	-0.879583708475646
232	0	0.674491228442639	0.6918605	0.0009220969	17.69358	17.31871	-0.784934156009662
233	0	0.748985789041035	0.6744186	0.0006643336	17.89612	17.62606	-1.12880437355268
234	0	0.654504226148129	0.6540698	0.000545402	17.68206	17.39546	-1.02371304150717
235	0	0.705254497914575	0.7151163	0.0005984834	17.67979	17.3331	-0.877447182685532
236	0	0.665872168913484	0.6511628	0.0006861889	17.59324	17.30904	-0.683658697571183
237	0	0.693072783923708	0.7122093	0.0005155123	17.75333	17.4715	-1.07116812611052
238	0	0.678835889371112	0.6889535	0.000726883	17.66746	17.32063	-0.91155052187649
239	0	0.654213073197752	0.6453488	0.0007792445	17.67831	17.36147	-0.871465941822989
23	0	0.689573386241682	0.6715116	0.0009453068	17.71607	17.44917	-1.0047251055722
240	0	0.704864107933827	0.7296512	0.001057261	17.6513	17.33128	-0.863271415981773
241	0	0.710965846688487	0.7151163	0.0006819595	17.70943	17.49427	-1.11361250985055
242	0	0.704448000155389	0.7645349	0.0007019294	17.81719	17.53542	-1.07429251033787
243	0	0.731426072260365	0.7616279	0.0004738599	17.84496	17.60909	-1.34262731453508
244	0	0.73516810387373	0.747093	0.000608001	17.81496	17.61117	-1.11149535260285
245	0	0.746132916514762	0.7703488	0.0005746991	17.88975	17.63042	-1.29181065666238
246	0	0.660392937017605	0.5988372	0.001058595	17.69797	17.33907	-0.682469756193633
247	0	0.724363750801422	0.7180233	0.0007947676	17.76201	17.48367	-1.13783507849506
248	0	0.70170471931342	0.7732558	0.0007765554	17.77012	17.38656	-1.18779010941376
249	0	0.676111645996571	0.6889535	0.0005513266	17.69481	17.3312	-0.64727991574156
24	0	0.684270508028567	0.6802326	0.0007357495	17.72744	17.37278	-0.789622504053583
250	0	0.712678004894406	0.6627907	0.0007501277	17.76237	17.49932	-1.01689250922938
251	0	0.684494906989858	0.75	0.0008445829	17.77248	17.47344	-0.980381051033007
252	0	0.691565675521269	0.7354651	0.0006382922	17.70482	17.40136	-0.973447128882159
253	0	0.742032487224787	0.7674419	0.0005142258	17.76439	17.42321	-1.17157962899192
254	0	0.721405758755282	0.7063953	0.0004605787	17.77091	17.45715	-1.26951033333035
255	0	0.692823345656507	0.6482558	0.0006859025	17.71344	17.46376	-0.891109319230106
256	0	0.747138522635214	0.7180233	0.0006941119	17.82029	17.55437	-1.10949602879286
257	0	0.662595118233003	0.6133721	0.000790721	17.63194	17.27461	-0.888653010537346
258	0	0.66188530952204	0.625	0.000696553	17.7292	17.3368	-0.930067369441711
259	0	0.725649831723422	0.6656977	0.0008551243	17.80832	17.52124	-0.91748934622621
25	0	0.715585904335603	0.7151163	0.0009561306	17.77536	17.50597	-1.15930390018718
260	0	0.744552471721545	0.7180233	0.0006553611	17.98507	17.74121	-1.51859044096338
261	0	0.65157414325513	0.6540698	0.0005800272	17.69909	17.41837	-0.883967827594398
262	0	0.680487930658273	0.6744186	0.0008009772	17.67238	17.31734	-1.0698039782578
263	0	0.737100794259459	0.7616279	0.0006504444	17.74268	17.44542	-1.25458805643935
264	0	0.705737240728922	0.7180233	0.0006428381	17.73224	17.45229	-0.946728403906378
265	0	0.683812446868978	0.6424419	0.0005539291	17.73517	17.46492	-0.81346369432455
266	0	0.67175839706324	0.7296512	0.0007180603	17.60268	17.24722	-0.869808315981052
267	0	0.656455155438744	0.6947674	0.0005133443	17.55772	17.15263	-0.715515533301646
268	0	0.68274701742921	0.6569767	0.0007998943	17.66124	17.29862	-0.742921055832181
269	0	0.689242674550042	0.7151163	0.0005961064	17.77563	17.3927	-0.88851785433873
26	0	0.65711187813431	0.6162791	0.001043723	17.38203	17.08489	-0.506949398057874
270	0	0.722491674381308	0.6918605	0.0004342877	17.76682	17.49501	-1.11189986648275
271	0	0.690642806724645	0.6947674	0.0006781493	17.72281	17.34204	-0.556401166204681
272	0	0.717245236807503	0.7354651	0.0005774594	17.69438	17.44837	-0.882389639938433
273	0	0.743322568829171	0.6918605	0.000683757	17.87133	17.68898	-1.69577906073949
274	0	0.683881369628944	0.6482558	0.0007934237	17.65348	17.31705	-0.818649338638074
275	0	0.685848316480406	0.6627907	0.0007748439	17.78246	17.4735	-0.925801516981246
276	0	0.698111120983958	0.6947674	0.0004431198	17.81847	17.59844	-1.15732723928612
277	0	0.664295873977244	0.6744186	0.0008151435	17.65638	17.24916	-0.86701939790777
278	0	0.698703963099979	0.6686047	0.0005867747	17.82326	17.48208	-1.1162352438072
279	0	0.709739580377936	0.7151163	0.0009702139	17.7721	17.55776	-1.27672567818878
27	0	0.740428742067888	0.7354651	0.0006575828	17.83394	17.63496	-1.24795600308273
280	0	0.745908697671257	0.8081395	0.000594875	17.84676	17.58509	-1.36955973228807
281	0	0.716755724744871	0.7063953	0.0007024972	17.68735	17.39912	-1.05731946479838
282	0	0.732445755857043	0.7267442	0.0004737233	17.81988	17.51745	-0.97083508429866
283	0	0.694806899293326	0.7093023	0.0006847167	17.796	17.51604	-0.993374811450884
284	0	0.691152422316372	0.6744186	0.0006948886	17.76233	17.54876	-1.02236565276714
285	0	0.732975768810138	0.7703488	0.0004179603	17.80481	17.54595	-1.20031627440831
286	0	0.728561579366215	0.7209302	0.000736451	17.80275	17.49247	-1.02224033070241
287	0	0.749378315825015	0.7093023	0.0004938922	17.9537	17.60244	-1.36162632351493
288	0	0.656078128493391	0.6453488	0.0006607173	17.60044	17.23501	-0.625712977575427
289	0	0.73099596791435	0.8023256	0.0005443577	17.8453	17.53194	-1.01158656803972
28	0	0.702966518606991	0.7238372	0.000806075	17.76127	17.39049	-0.944480508622171
290	0	0.721161070954986	0.6686047	0.0008329085	17.76378	17.49184	-0.806733271679439
291	0	0.73101071647834	0.6976744	0.0006113608	17.72842	17.47789	-1.03401547117949
292	0	0.749542226549238	0.75	0.0003457415	17.88222	17.647	-1.54411633689264
293	0	0.70987196478527	0.7122093	0.0007382217	17.72472	17.35908	-1.02943632573226
294	0	0.663350167614408	0.6889535	0.00071326	17.64217	17.24214	-0.653077819738898
295	0	0.728605118440464	0.7354651	0.001199794	17.78674	17.47919	-0.955256788728615
296	0	0.725500747002661	0.6918605	0.000807384	17.76391	17.51509	-1.44185125435792
297	0	0.714036391419359	0.6686047	0.0006435544	17.71159	17.44031	-0.903531948303668
298	0	0.713986870995723	0.7238372	0.0005840273	17.77139	17.46582	-1.32381925224159
299	0	0.712984399590641	0.7296512	0.0007169381	17.76407	17.45449	-1.08354741905907
29	0	0.694740125630051	0.7151163	0.0004796542	17.6556	17.3056	-0.856410519584728
2	0	0.680115415435284	0.6482558	0.0005984395	17.86852	17.5953	-1.13615542602261
300	0	0.676127426465973	0.6162791	0.001071253	17.66875	17.33166	-0.722721800422771
301	0	0.683669023378752	0.6889535	0.0005253924	17.74786	17.36376	-1.07056977485889
302	0	0.74712802732829	0.7936047	0.00080709	17.92905	17.69881	-1.62976947272067
303	0	0.724668445880525	0.8023256	0.0009525642	17.76064	17.50876	-1.18392231475639
304	0	0.660893872147426	0.6482558	0.0006641691	17.75265	17.2942	-0.619671084355448
305	0	0.702145495335571	0.7151163	0.0007218507	17.83182	17.59875	-1.51805330975604
306	0	0.721878409618512	0.752907	0.0005200302	17.73171	17.44977	-0.982243046559321
307	0	0.696269331919029	0.6802326	0.0006649135	17.63015	17.35017	-0.844002032788095
308	0	0.744766135001555	0.7267442	0.0007380137	17.81977	17.49231	-0.995647136607273
309	0	0.749428083584644	0.7703488	0.0005846312	17.93643	17.64455	-1.31830387321255
30	0	0.664976680302061	0.6860465	0.0007064844	17.70964	17.50601	-0.899205649024567
310	0	0.745536794746295	0.7761628	0.0005583031	17.92911	17.7195	-1.2806041560732
311	0	0.726605070685036	0.6889535	0.0006527176	17.80666	17.50938	-1.18114803980549
312	0	0.683364235656336	0.6860465	0.0006714744	17.81092	17.41352	-1.01168566886882
313	0	0.658937460975721	0.7122093	0.0006291725	17.61931	17.21785	-0.747666065315567
314	0	0.678969667199999	0.6482558	0.0008803894	17.71026	17.35997	-0.91807096871157
315	0	0.674738997430541	0.6598837	0.0007743239	17.68271	17.32578	-0.825894632717212
316	0	0.693143850332126	0.7209302	0.00103203	17.61749	17.3167	-0.995244165547159
317	0	0.723542417190038	0.752907	0.0007715227	17.74765	17.45951	-1.00342900163524
318	0	0.747443870850839	0.744186	0.000573868	17.80379	17.56156	-1.2370083250522
319	0	0.663327414449304	0.6744186	0.0007047748	17.75411	17.37586	-0.688102020550361
31	0	0.681798213394359	0.6540698	0.001123963	17.70564	17.33236	-1.02305505827892
320	0	0.693637985060923	0.6947674	0.0006680637	17.72577	17.37337	-1.15946142354971
321	0	0.720433549536392	0.7063953	0.0006758227	17.78635	17.52623	-1.15781940057288
322	0	0.683446514769457	0.7267442	0.0009636997	17.5943	17.28933	-0.829277245662896
323	0	0.651074825460091	0.6715116	0.0006726251	17.64769	17.36898	-0.956325191458022
324	0	0.673614965286106	0.7238372	0.0006271522	17.70121	17.36988	-0.762317745638649
325	0	0.687792202923447	0.7093023	0.0006797348	17.7277	17.35686	-0.805373329643715
326	0	0.710584625555202	0.744186	0.000836472	17.76072	17.49173	-0.910764414935625
327	0	0.656429755385034	0.6482558	0.0009788069	17.7272	17.41498	-0.700068853161585
328	0	0.728959971992299	0.7616279	0.0006644231	17.7779	17.50677	-1.07578921561606
329	0	0.68969754721038	0.7122093	0.0004513118	17.74641	17.44751	-0.970136797746489
32	0	0.738905141851865	0.7819767	0.0007918051	17.84323	17.60484	-1.04987408557606
330	0	0.654102288768627	0.6395349	0.0005376543	17.80901	17.48827	-0.874730725625335
331	0	0.684147229813971	0.6802326	0.000461694	17.6908	17.47815	-1.3601230243994
332	0	0.715808579837903	0.6976744	0.0005606278	17.84313	17.53316	-1.48652254370631
333	0	0.68056174304802	0.6831395	0.0007561772	17.71443	17.30808	-0.698248914504679
334	0	0.736538971867412	0.7296512	0.0005283647	17.89516	17.71188	-1.3459687554386
335	0	0.65725436527282	0.6627907	0.0006231719	17.56808	17.202	-0.733774250329067
336	0	0.688651096215472	0.7151163	0.000523334	17.66301	17.33509	-0.873883375599455
337	0	0.708118944521993	0.6686047	0.0007803443	17.75962	17.42403	-0.713811967293492
338	0	0.739942401926964	0.7587209	0.0006216558	17.75174	17.47009	-1.0738323403427
339	0	0.728377877222374	0.7296512	0.0004201518	17.93363	17.77187	-1.45442507679451
33	0	0.684535508928821	0.6860465	0.0005338965	17.62514	17.2839	-0.74859445897111
340	0	0.738439123495482	0.7296512	0.0006714038	17.87683	17.60568	-1.53823873614196
341	0	0.736887929961085	0.75	0.0007935968	17.7458	17.44332	-0.891844295979354
342	0	0.682723744423129	0.6686047	0.0005888788	17.76703	17.45898	-1.08741111928525
343	0	0.706781016592868	0.6889535	0.0006215087	17.69998	17.36049	-0.760648054495901
344	0	0.734892955282703	0.7412791	0.0007301636	17.82425	17.4989	-0.901579372003776
345	0	0.678397607430816	0.6337209	0.0005190299	17.69472	17.41318	-1.05223603712844
346	0	0.724400532036088	0.7238372	0.0006460458	17.79975	17.54132	-1.28735592801327
347	0	0.66906396180857	0.6511628	0.0006272793	17.75458	17.31072	-0.67980151270879
348	0	0.731327103823423	0.7180233	0.0004957346	17.74702	17.42965	-0.839903289710229
349	0	0.748795292549767	0.7209302	0.0004694198	17.85819	17.60439	-1.25519471770509
34	0	0.700493447342888	0.6831395	0.0008005601	17.6714	17.35858	-1.13489441398608
350	0	0.712171996477991	0.6802326	0.000529277	17.67693	17.34212	-0.906009652441857
351	0	0.725620383722708	0.6569767	0.0007132949	17.75924	17.51695	-1.34556012552833
352	0	0.663270472502336	0.6802326	0.0005830203	17.71685	17.37524	-0.832080185322317
353	0	0.698557963059284	0.6947674	0.0006890977	17.75259	17.52193	-0.990985783640893
354	0	0.686180842504837	0.7151163	0.0005396831	17.71486	17.34118	-0.656327072954752
355	0	0.686419026600197	0.6976744	0.000748275	17.76287	17.48198	-1.09938947056724
356	0	0.730220777844079	0.6889535	0.0006148224	17.8381	17.51257	-1.10153896327069
357	0	0.700946248066612	0.7180233	0.0005796077	17.84016	17.57964	-1.20965767170078
358	0	0.687330721877515	0.7034884	0.0006252357	17.72193	17.4985	-1.08091108639579
359	0	0.699938331497833	0.6686047	0.0007411439	17.6871	17.33913	-0.882840622787888
35	0	0.721511504938826	0.7151163	0.0008589169	17.74692	17.44661	-0.918198545162177
360	0	0.730126580432989	0.747093	0.0006334307	17.90023	17.61991	-1.19063586341487
361	0	0.693731418414973	0.7209302	0.0006971382	17.76015	17.51204	-1.15632657341556
362	0	0.717109199496917	0.7005814	0.0005001045	17.76566	17.40781	-1.01217187705468
363	0	0.744776629703119	0.7761628	0.0004736192	17.83613	17.60837	-1.26300550472045
364	0	0.748016914841719	0.752907	0.0005420165	17.96862	17.72239	-1.28536669641629
365	0	0.722882253886201	0.7674419	0.0006493282	17.81891	17.57902	-1.19954516278311
366	0	0.710082209319808	0.6773256	0.0004873658	17.77099	17.35677	-0.896918302028652
367	0	0.700934601365589	0.6715116	0.001014643	17.65073	17.30126	-0.584386329577008
368	0	0.747061301069334	0.7616279	0.0004198945	17.84464	17.56939	-1.27891350291435
369	0	0.682444217987359	0.7122093	0.0006255165	17.80863	17.55723	-1.21460359889399
36	0	0.713547834148631	0.7151163	0.0006238556	17.76999	17.48952	-1.02574858629531
370	0	0.695115285390057	0.7005814	0.0006075524	17.71408	17.36179	-0.762761525735528
371	0	0.669075361220166	0.6569767	0.0005883859	17.61635	17.26254	-0.665149529932587
372	0	0.705980662885122	0.7093023	0.0006562733	17.75613	17.51607	-1.37202611694699
373	0	0.706223380216397	0.7151163	0.0006913717	17.74907	17.43409	-1.04243493349455
374	0	0.727698157820851	0.7209302	0.0005680567	17.73097	17.3611	-1.03186118733399
375	0	0.739703304413706	0.747093	0.0003380199	17.87653	17.73653	-1.48582715259805
376	0	0.669691438227892	0.6656977	0.001180069	17.67833	17.27128	-0.801822824125148
377	0	0.654466248047538	0.6133721	0.0005519347	17.67288	17.33016	-0.954707189497967
378	0	0.699616481293924	0.7122093	0.0007244873	17.71219	17.42307	-0.886056466834054
379	0	0.740538894990459	0.7616279	0.0005629221	17.82279	17.60925	-1.09124312835113
37	0	0.726890751719475	0.7645349	0.0007830601	17.86119	17.62999	-1.32971397783093
380	0	0.705413761921227	0.7354651	0.0009500658	17.68563	17.34039	-0.9990034674025
381	0	0.698651546053588	0.7122093	0.000572278	17.77849	17.45757	-1.0824575234471
382	0	0.677240219130181	0.6802326	0.0008979695	17.75561	17.45564	-1.10090172997989
383	0	0.655106627522036	0.6424419	0.0006579311	17.65221	17.30528	-0.959095115353072
384	0	0.733683045580983	0.7354651	0.0008286916	17.72359	17.37462	-0.864767035386618
385	0	0.674545872793533	0.6976744	0.0005555802	17.74012	17.47302	-0.846709773052077
386	0	0.664039594819769	0.7093023	0.0007164039	17.72982	17.47356	-1.01635220160142
387	0	0.656233486975543	0.6947674	0.0006888212	17.63635	17.32513	-0.800848890496189
388	0	0.657240562094376	0.6424419	0.0007591054	17.58524	17.23915	-0.509431852478125
389	0	0.68502542974893	0.5988372	0.0007180019	17.74796	17.46612	-0.771686150833316
38	0	0.677969861566089	0.6860465	0.0008050935	17.66996	17.36307	-0.623384330984107
390	0	0.712454832484946	0.7238372	0.0008169289	17.81083	17.52188	-1.10461423201703
391	0	0.701546418806538	0.7180233	0.0009756246	17.76832	17.53427	-1.08024739141387
392	0	0.737311880500056	0.6947674	0.0005131986	17.91124	17.64015	-1.43084989571023
393	0	0.728149275691248	0.7325581	0.0006370203	17.9521	17.66008	-1.50265097598281
394	0	0.698647198732942	0.7267442	0.0005706611	17.73091	17.42439	-1.0606491507484
395	0	0.652978485333733	0.6424419	0.0005926273	17.60178	17.21636	-0.902281422790827
396	0	0.655224249814637	0.7005814	0.0007888739	17.67804	17.37846	-0.944086642141435
397	0	0.706867125141434	0.6889535	0.0007239353	17.84022	17.48938	-1.08174934028094
398	0	0.746236367034726	0.7732558	0.0005126445	17.85244	17.65518	-1.37582719544472
399	0	0.711219566431828	0.7063953	0.0007318707	17.85703	17.5532	-1.075511784715
39	0	0.665070729958825	0.7354651	0.0007561474	17.56661	17.27848	-0.663560352182952
3	0	0.723134544119239	0.7267442	0.0006128316	17.8203	17.52375	-1.09609468602889
400	0	0.746754099847749	0.755814	0.000841787	17.81431	17.46879	-0.969172240279243
401	0	0.740524985361844	0.752907	0.0004756701	17.88272	17.55535	-1.18737388648794
402	0	0.696950116101652	0.7180233	0.0006780628	17.7051	17.36205	-0.68238831198858
403	0	0.687103335303254	0.755814	0.0005822935	17.74635	17.37677	-1.01973559623259
404	0	0.722745453938842	0.6598837	0.0005269881	17.82574	17.57535	-1.36971847026418
405	0	0.749209667416289	0.744186	0.000511588	17.82216	17.65517	-1.28594392448382
406	0	0.703745441860519	0.6976744	0.000875472	17.62064	17.34564	-0.831489459883796
407	0	0.685966556007042	0.7267442	0.0009117184	17.78022	17.48681	-0.973449110037568
408	0	0.702763600461185	0.7005814	0.000943208	17.80636	17.3956	-0.929367069782676
409	0	0.69171068505384	0.6889535	0.0005829445	17.68429	17.33323	-0.961538518293923
40	0	0.686465473240241	0.6540698	0.0004984084	17.7464	17.51171	-1.06380456050602
410	0	0.663858402520418	0.6656977	0.0005953752	17.69751	17.3889	-0.969535793893254
411	0	0.680412531946786	0.6686047	0.0008464988	17.64438	17.29824	-0.946932492323035
412	0	0.749941149307415	0.7383721	0.0006609349	17.86323	17.63282	-1.47460320751216
413	0	0.661072404589504	0.7122093	0.0006973459	17.62654	17.29764	-0.757532195816481
414	0	0.661896531353705	0.7005814	0.0005274891	17.73052	17.38053	-0.542881402240876
415	0	0.703398287296295	0.7122093	0.0007508856	17.74729	17.50322	-0.905347997819542
416	0	0.722092220024206	0.6947674	0.0006946213	17.73879	17.4599	-0.883504457279871
417	0	0.67413899069652	0.630814	0.0004837538	17.69886	17.34152	-0.75041264778684
418	0	0.715079183736816	0.7267442	0.0005653814	17.83347	17.52012	-1.13172149551323
419	0	0.683380715316162	0.6918605	0.0005118752	17.727	17.35039	-0.717050860408176
41	0	0.677392141055316	0.6686047	0.000791688	17.7217	17.50328	-0.927816042385655
420	0	0.701038473565131	0.6976744	0.0007222062	17.49188	17.21061	-0.797702589167677
421	0	0.665618689847179	0.7005814	0.0005735837	17.74034	17.50151	-0.91900032988389
422	0	0.654605923825875	0.6482558	0.0005946938	17.72579	17.41455	-0.919434034658105
423	0	0.716767505579628	0.7063953	0.0007765914	17.82804	17.50695	-1.29425936765155
424	0	0.728366485447623	0.6744186	0.0004330552	17.82056	17.48224	-1.09498662153738
425	0	0.736708743171766	0.7383721	0.0004278317	17.86527	17.60909	-1.31033581772468
426	0	0.728140800632536	0.75	0.0007635699	17.88672	17.5966	-1.28362845446546
427	0	0.711663483269513	0.7267442	0.0006610787	17.78752	17.53044	-0.993968477000322
428	0	0.67786514593754	0.6656977	0.0008119847	17.68352	17.37332	-0.817752710666363
429	0	0.716362496535294	0.747093	0.0005015491	17.75419	17.43907	-1.04779891898007
42	0	0.715160050848499	0.6831395	0.0007533035	17.68722	17.41352	-0.928629341421501
430	0	0.70313038486056	0.75	0.0005964046	17.76385	17.47983	-0.898886478178066
431	0	0.731293800007552	0.75	0.0006111728	17.85454	17.49056	-0.97488036708636
432	0	0.663674418441951	0.6773256	0.0006069084	17.67613	17.3683	-0.744312011053777
433	0	0.727724113408476	0.7383721	0.0005987045	17.8029	17.56901	-0.933045801075477
434	0	0.738957679271698	0.744186	0.00039585	17.92053	17.62468	-1.2854281491258
435	0	0.701007498637773	0.7209302	0.0005186254	17.58108	17.26132	-0.874204898937634
436	0	0.697081604856066	0.7180233	0.0004443791	17.72977	17.3951	-1.25930186642439
437	0	0.706858748872764	0.6918605	0.0004970421	17.76178	17.50951	-0.907799484603976
438	0	0.715568595239893	0.7151163	0.0006268647	17.67588	17.39157	-0.825652128752722
439	0	0.713786730379798	0.6598837	0.0008497646	17.71514	17.46298	-0.796288573171758
43	0	0.669403523928486	0.7034884	0.0006716475	17.7469	17.49578	-0.93832393196731
440	0	0.693643863499165	0.6831395	0.0005215781	17.71138	17.44458	-0.936992390885392
441	0	0.706739420699887	0.7093023	0.0008384719	17.76948	17.47534	-0.83263935737379
442	0	0.698246105201542	0.7005814	0.0008901912	17.71811	17.45823	-1.08453512539718
443	0	0.741487501724623	0.7616279	0.000428211	17.92506	17.6575	-1.5171947389101
444	0	0.723581470013596	0.7616279	0.0007724548	17.67698	17.29253	-0.677756483552403
445	0	0.705231564235874	0.6715116	0.0009728439	17.72731	17.41556	-0.873771894066795
446	0	0.678973704227246	0.6511628	0.0007507411	17.67918	17.31074	-0.998659903946488
447	0	0.661168656754307	0.6337209	0.0004952392	17.59712	17.31356	-0.743482973021626
448	0	0.745252494746819	0.7034884	0.0005911751	17.90828	17.65363	-1.23165300514736
449	0	0.734842515154742	0.7296512	0.000644947	17.79712	17.43761	-0.987739666752517
44	0	0.669972888426855	0.6656977	0.0009997339	17.58748	17.24494	-0.758551117107153
450	0	0.66811915426515	0.6482558	0.001015831	17.70094	17.42445	-0.678901166818499
451	0	0.740927980327979	0.7383721	0.0005748998	17.94201	17.65392	-1.30861032173251
452	0	0.652316046948545	0.6889535	0.0007634115	17.74553	17.48056	-0.705669705970804
453	0	0.728655837383121	0.7005814	0.0007338338	17.805	17.56	-1.05918375552565
454	0	0.730639219400473	0.7063953	0.0006050697	17.75862	17.44671	-1.20427606319652
455	0	0.738991648517549	0.7238372	0.000362741	17.79936	17.54694	-1.19654310860858
456	0	0.676596925384365	0.7063953	0.0007086658	17.68678	17.34602	-0.748716670807635
457	0	0.653342855279334	0.6337209	0.0006919666	17.65195	17.33836	-0.717274646901639
458	0	0.697620547702536	0.7412791	0.0006982609	17.76728	17.46866	-1.08796314171779
459	0	0.744293576152995	0.755814	0.00080097	17.82038	17.52665	-1.11280951196856
45	0	0.66567961522378	0.6773256	0.0008242743	17.66164	17.37176	-1.07658869451976
460	0	0.680104394862428	0.6627907	0.0006297797	17.67423	17.37082	-0.903039222420505
461	0	0.725418714410625	0.752907	0.000389808	17.73167	17.4642	-1.27716607680556
462	0	0.695127826393582	0.7180233	0.0004992198	17.82655	17.52637	-1.3110142670182
463	0	0.66645940025337	0.6802326	0.0007283759	17.76962	17.4298	-0.907599538920311
464	0	0.67156052631326	0.6773256	0.0007183625	17.809	17.52985	-1.10827532408449
465	0	0.664532350748777	0.5843023	0.0008661207	17.61908	17.27675	-0.74898747857621
466	0	0.679288783017546	0.625	0.0007824449	17.66674	17.29835	-0.794014153965424
467	0	0.749397974903695	0.6976744	0.0008631599	17.85079	17.62112	-1.06061375888602
468	0	0.747547563584521	0.75	0.0005216947	17.80126	17.41356	-0.95314673410605
469	0	0.661671686614864	0.6860465	0.0008596159	17.34416	17.15186	-0.494100008157253
46	0	0.681857902882621	0.6540698	0.0004933052	17.69714	17.41485	-0.899798102568246
470	0	0.68396572698839	0.6511628	0.0009781114	17.78233	17.37851	-1.06090564548944
471	0	0.729639728437178	0.7354651	0.0008509058	17.84569	17.57763	-1.44997459091289
472	0	0.724628124642186	0.6889535	0.0009402155	17.74396	17.54835	-1.1014710053362
473	0	0.676029250817373	0.6831395	0.0005052685	17.67	17.35446	-0.934433126173689
474	0	0.691789625585079	0.6860465	0.0006419043	17.77112	17.53708	-1.31128077779437
475	0	0.659215335012414	0.6424419	0.0007678732	17.67255	17.38094	-0.852039111848426
476	0	0.680718130292371	0.6395349	0.0008489882	17.66074	17.32266	-0.750484273533165
477	0	0.687612246628851	0.6627907	0.0006368522	17.72033	17.41714	-0.915097096123035
478	0	0.667436026502401	0.6366279	0.0009704999	17.41503	17.22376	-0.976883439719388
479	0	0.74609564866405	0.7587209	0.0005931319	17.92684	17.73585	-1.59742015706619
47	0	0.72717471907381	0.7412791	0.000586708	17.87673	17.65173	-1.16897144220904
480	0	0.711137484712526	0.7034884	0.000587753	17.7653	17.50292	-0.825860888720455
481	0	0.687280421121977	0.6569767	0.000832028	17.66251	17.3345	-0.845796469051016
482	0	0.747693927912042	0.7645349	0.000390023	17.98549	17.7849	-1.63759380745781
483	0	0.744985864311457	0.7703488	0.0004215031	17.85799	17.69336	-1.47150189253747
484	0	0.708857618016191	0.7412791	0.001145302	17.78414	17.48848	-0.986482028105455
485	0	0.664438434340991	0.6453488	0.0006863228	17.6839	17.30837	-1.0362641726876
486	0	0.71031245298218	0.7238372	0.0005281123	17.8206	17.51511	-1.24086898886087
487	0	0.690324332565069	0.6773256	0.000445683	17.73733	17.38609	-0.877552167407877
488	0	0.68173429116141	0.6860465	0.0007105538	17.74164	17.44225	-1.19181308795698
489	0	0.728194559365511	0.7034884	0.0007157866	17.87831	17.60984	-1.32111186762571
48	0	0.701273665600456	0.747093	0.0006314799	17.75639	17.43491	-1.43976541148782
490	0	0.718050414766185	0.6918605	0.000481312	17.76319	17.43335	-1.01272653360583
491	0	0.66819073818624	0.6540698	0.0003516874	17.7094	17.44781	-0.78165512267309
492	0	0.726791963889264	0.6773256	0.0005177564	17.83211	17.57101	-1.2717847464968
493	0	0.707719168369658	0.7325581	0.0006764335	17.76218	17.52792	-1.23774022938244
494	0	0.686187217733823	0.6686047	0.0007011028	17.62939	17.2579	-0.828633985397091
495	0	0.650541860912927	0.630814	0.0008909106	17.72705	17.31437	-0.841288465315185
496	0	0.672700179391541	0.7063953	0.0007736139	17.81367	17.54222	-0.886718133610558
497	0	0.689412709255703	0.6889535	0.0005302171	17.67442	17.35148	-0.80785031127901
498	0	0.721542010689154	0.7238372	0.0008661319	17.70359	17.45732	-0.871907883194623
499	0	0.731894641090184	0.6831395	0.0009115197	17.82178	17.64138	-1.43055840498356
49	0	0.709309054794721	0.6424419	0.0008056614	17.78204	17.56887	-1.05030890704067
4	0	0.746367299417034	0.7122093	0.0005843004	17.94567	17.69179	-1.58728643331899
500	0	0.715412951167673	0.7267442	0.0006651855	17.81912	17.50479	-0.951746923479392
501	0	0.703648303402588	0.6889535	0.0009548164	17.72839	17.47089	-1.00662702639224
502	0	0.681195646873675	0.6511628	0.0005275228	17.58428	17.26831	-0.872694199090113
503	0	0.674991718772799	0.6947674	0.0004964242	17.73255	17.37103	-0.789889092351429
504	0	0.66081540894229	0.6918605	0.0005835056	17.46696	17.20126	-0.820462525044278
505	0	0.66412424496375	0.6715116	0.0005563108	17.72376	17.37232	-0.727482271915724
506	0	0.701231425325386	0.7238372	0.0007860119	17.69874	17.41736	-0.948479353536578
507	0	0.679258252843283	0.7005814	0.0007450184	17.69211	17.361	-0.989170270363931
508	0	0.731829040916637	0.7325581	0.0007359076	17.89527	17.68328	-1.59187235471684
509	0	0.661581502528861	0.6337209	0.0005685255	17.72875	17.34826	-0.871552989991155
50	0	0.698415113147348	0.6860465	0.0007007716	17.73273	17.3872	-1.03645204575253
510	0	0.732845235872082	0.744186	0.0006491739	17.7544	17.47072	-0.983857092392892
511	0	0.658442168217152	0.6569767	0.0005240288	17.58342	17.20251	-0.660920683034895
512	0	0.694302108185366	0.7296512	0.0006539452	17.77141	17.48547	-1.22215288846171
513	0	0.725325841805898	0.7151163	0.000639925	17.82586	17.58281	-1.19866822703977
514	0	0.724560571229085	0.6831395	0.000632981	17.82075	17.58376	-1.34756217282684
515	0	0.698525907518342	0.6773256	0.0005489265	17.77412	17.49254	-0.991286899727869
516	0	0.692796233505942	0.6627907	0.0006125955	17.78646	17.39962	-0.897332735676608
517	0	0.678094484028406	0.6831395	0.0006187821	17.70707	17.36143	-0.768659182773039
518	0	0.698502185335383	0.627907	0.0006120885	17.78976	17.4729	-0.964423213229499
519	0	0.710036316304468	0.7093023	0.00088618	17.75615	17.4422	-1.0589336625799
51	0	0.654395403969102	0.6453488	0.000687041	17.6877	17.36232	-0.820329323927987
520	0	0.70033232178539	0.6976744	0.0009292973	17.80108	17.50167	-1.03689425548107
521	0	0.674453527899459	0.6802326	0.0006709171	17.60157	17.21613	-0.616823646713079
522	0	0.749398615187965	0.755814	0.0006185267	17.86542	17.67109	-1.36083865366421
523	0	0.661207187571563	0.6656977	0.0009361508	17.62343	17.26197	-0.707399011906178
524	0	0.731159569090232	0.7325581	0.0005188891	17.85038	17.55343	-1.34837381650444
525	0	0.720688933320343	0.7383721	0.0006634322	17.78119	17.54889	-1.04215738328326
526	0	0.680671875341795	0.6947674	0.0008202958	17.72043	17.31054	-0.92923020609996
527	0	0.738908489095047	0.7354651	0.0007869984	17.83348	17.67906	-1.35446761438028
528	0	0.709398252516985	0.6715116	0.0008719365	17.74163	17.46165	-0.99743477813838
529	0	0.734016249887645	0.7645349	0.0006488274	17.83355	17.57905	-1.43916105218264
52	0	0.650463670166209	0.630814	0.0007293177	17.61525	17.20938	-0.704178693932527
530	0	0.655916063673794	0.6511628	0.0006762855	17.50459	17.19613	-0.659350316522129
531	0	0.673396670864895	0.6686047	0.0007964502	17.63147	17.32759	-0.750187387810626
532	0	0.731819626432843	0.75	0.0004857238	17.91937	17.65587	-1.34549273120695
533	0	0.740665833931416	0.755814	0.000531984	17.92565	17.6463	-1.43331264169465
534	0	0.682573463907465	0.7034884	0.0005457469	17.67811	17.38393	-0.843794905289549
535	0	0.726747060241178	0.7209302	0.000740002	17.89765	17.65376	-1.55503744473297
536	0	0.721477480325848	0.7616279	0.0006192987	17.80194	17.53434	-1.26180417465047
537	0	0.687646425352432	0.6889535	0.0008655353	17.6347	17.26818	-0.636067597139293
538	0	0.682257676706649	0.6656977	0.0006836489	17.67312	17.33895	-0.975609713522481
539	0	0.711596278101206	0.7238372	0.0005924729	17.77574	17.50215	-1.01066878838747
53	0	0.652345864567906	0.5930233	0.0007528574	17.61786	17.28345	-0.602223212040323
540	0	0.744089386076666	0.752907	0.0004893075	17.83021	17.5817	-1.11210057437516
541	0	0.65365479469765	0.6569767	0.0007359593	17.66565	17.21392	-0.773625648742171
542	0	0.712850990542211	0.747093	0.00072026	17.76575	17.45913	-0.974052264825187
543	0	0.651759718591347	0.7325581	0.0006694955	17.5913	17.33257	-0.681461675425078
544	0	0.670198324020021	0.6744186	0.0006384258	17.70729	17.3606	-0.891565998633155
545	0	0.697890331083909	0.6918605	0.0005884803	17.70711	17.33022	-1.04245488162418
546	0	0.745183607563376	0.7354651	0.0007334221	17.87355	17.65495	-1.19939275149318
547	0	0.710735034570098	0.6860465	0.0005066084	17.73439	17.43997	-0.837663425882578
548	0	0.65810469656717	0.6656977	0.00101808	17.71446	17.40711	-0.991896957290712
549	0	0.708596790838055	0.6802326	0.0006089402	17.70018	17.47646	-1.13349293578403
54	0	0.709592160419561	0.6918605	0.0005196426	17.70914	17.44557	-1.18116042702153
550	0	0.662193207885139	0.7005814	0.0008238087	17.58838	17.21446	-0.710294500792698
551	0	0.6939738109475	0.7005814	0.0003576506	17.68872	17.28221	-0.75815329790223
552	0	0.663078961288556	0.6802326	0.0009305824	17.7173	17.379	-0.704272107254731
553	0	0.720941019337624	0.6947674	0.0005644534	17.69956	17.40132	-0.988602701095506
554	0	0.685641174414195	0.6337209	0.0007417308	17.62737	17.30964	-0.79338433591712
555	0	0.720462879259139	0.7209302	0.0007136776	17.82857	17.59675	-1.52361683693434
556	0	0.671338914008811	0.6598837	0.0007184931	17.73638	17.40153	-0.864947505817268
557	0	0.668781302380376	0.6511628	0.0007918904	17.56825	17.29247	-0.777027461171448
558	0	0.733547172788531	0.7151163	0.0006729979	17.883	17.58161	-1.34208617193304
559	0	0.654753691726364	0.6627907	0.0008208643	17.75113	17.40817	-0.596368366078726
55	0	0.695596905704588	0.7296512	0.0006752796	17.7612	17.48963	-1.03354931140644
560	0	0.69287650543265	0.6744186	0.0004596633	17.69111	17.28838	-0.786819545151012
561	0	0.727423340221867	0.7151163	0.0004409106	17.79364	17.52279	-0.985528360516721
562	0	0.730900349421427	0.7674419	0.0005857572	17.8435	17.64749	-1.36327713686399
563	0	0.74342339746654	0.7848837	0.0008242265	17.99564	17.81052	-1.49599690690455
564	0	0.746770236641169	0.7267442	0.000774124	17.82087	17.60165	-1.51886368756764
565	0	0.710863572708331	0.7005814	0.0004922241	17.7134	17.45522	-1.04572016783297
566	0	0.696171055873856	0.6889535	0.000549609	17.64618	17.38924	-1.03018963111544
567	0	0.728456691838801	0.7354651	0.000510454	17.82429	17.52522	-1.22309965227662
568	0	0.652832765039057	0.5755814	0.0006694724	17.70585	17.32262	-0.73914826115148
569	0	0.709640011563897	0.6947674	0.0006253123	17.78574	17.46513	-0.883939753496078
56	0	0.684068769589066	0.6453488	0.001016493	17.78111	17.52585	-1.00837235809668
570	0	0.690201006550342	0.7005814	0.000663846	17.77195	17.44676	-0.901838042324576
571	0	0.686884783580899	0.6453488	0.0005545773	17.6808	17.32156	-0.821049951292265
572	0	0.74226085441187	0.7151163	0.0006516919	17.84923	17.54678	-1.13440793642085
573	0	0.730288981460035	0.7238372	0.0005370327	17.82539	17.51148	-0.93333752563491
574	0	0.653127333847806	0.6627907	0.0006147139	17.62937	17.22646	-0.557189974464122
575	0	0.722620572289452	0.7325581	0.0009038825	17.81474	17.54455	-1.12638251912621
576	0	0.669260641024448	0.752907	0.0006100501	17.64667	17.27943	-0.774694341305185
577	0	0.71584402017761	0.7238372	0.0008455102	17.81933	17.59282	-1.3049715098616
578	0	0.745379921956919	0.7732558	0.0004295799	17.9441	17.67868	-1.3208219362305
579	0	0.692547868192196	0.7005814	0.0006185102	17.74347	17.50877	-1.09313289570468
57	0	0.655849376949482	0.6511628	0.0007097218	17.68996	17.29147	-0.608888462255891
580	0	0.678340723668225	0.7209302	0.000785566	17.70052	17.36333	-0.849442486824207
581	0	0.737086054100655	0.7325581	0.0004376927	17.87487	17.59263	-1.64281143632057
582	0	0.68647791929543	0.7063953	0.0005686836	17.72261	17.3335	-1.08765333614865
583	0	0.69823881064076	0.7296512	0.0004863843	17.80361	17.51166	-1.15066478978854
584	0	0.701334267947823	0.7209302	0.0005082263	17.72254	17.40922	-1.02090425830127
585	0	0.669513456919231	0.6337209	0.0007122974	17.66119	17.31191	-0.811105770132239
586	0	0.746167977666482	0.7093023	0.0005913631	17.77897	17.46199	-0.807402403683793
587	0	0.726437971112318	0.7412791	0.0005710797	17.87824	17.66336	-1.42892522645662
588	0	0.748591590044089	0.7296512	0.0006224617	17.88679	17.59748	-1.2921027937843
589	0	0.693381957150996	0.6918605	0.0006707537	17.79512	17.55103	-1.11180115193469
58	0	0.683728897362016	0.7645349	0.000522233	17.59484	17.28488	-0.718563972984933
590	0	0.698308397550136	0.6918605	0.0007341014	17.75344	17.4475	-0.944443301844531
591	0	0.687702862778679	0.6511628	0.000800358	17.67086	17.37735	-0.755085363605016
592	0	0.707559577329084	0.7354651	0.0007159164	17.72731	17.37295	-0.916055082513334
593	0	0.710530211566947	0.752907	0.0005695773	17.8557	17.49462	-1.02757610346279
594	0	0.712933521554805	0.744186	0.0007576073	17.79967	17.54627	-1.05795920408272
595	0	0.658829637104645	0.6860465	0.0005805905	17.68589	17.35896	-0.882156479107502
596	0	0.680650067492388	0.6598837	0.0005408836	17.65314	17.26601	-0.694980864408293
597	0	0.729190298914909	0.7965116	0.0005384225	17.97166	17.76589	-1.61468868226035
598	0	0.716178399464116	0.7383721	0.0006631548	17.77858	17.52236	-0.955505836048647
599	0	0.747685248753987	0.7703488	0.0006636861	17.79597	17.56758	-1.2970482143609
59	0	0.698691476671957	0.7063953	0.0004653404	17.74295	17.46285	-1.0238543599766
5	0	0.661770136444829	0.6337209	0.0008312769	17.6509	17.3303	-0.676148627760681
600	0	0.66987480907701	0.6424419	0.000627889	17.71247	17.44216	-0.804819662143518
601	0	0.728897592285648	0.7122093	0.000665321	17.78234	17.51477	-1.20298062016724
602	0	0.659073704387993	0.6598837	0.0006004842	17.72443	17.44257	-1.02471692492464
603	0	0.692573266895488	0.6715116	0.0006173708	17.76617	17.44405	-1.05115307797435
604	0	0.709455703059211	0.7005814	0.0004951984	17.79059	17.56708	-1.23518183877711
605	0	0.691109417611733	0.7238372	0.0009417385	17.76565	17.51075	-1.11123636427415
606	0	0.692365311342292	0.6715116	0.0008495819	17.67945	17.24421	-0.731485033693208
607	0	0.675445633311756	0.6889535	0.0005039083	17.75823	17.40994	-1.06339984766421
608	0	0.69927744702436	0.6947674	0.0004150224	17.75984	17.45982	-0.917494715680087
609	0	0.707459509628825	0.7122093	0.0004259544	17.79366	17.60093	-1.04191157105389
60	0	0.703974184277467	0.7209302	0.0004054609	17.90543	17.56657	-1.22756601862506
610	0	0.665429250476882	0.6889535	0.0008097578	17.68055	17.32931	-0.942859363497407
611	0	0.653512161481194	0.6656977	0.0009017849	17.72443	17.38867	-0.809637558140879
612	0	0.652275049453601	0.6511628	0.0005812122	17.66252	17.27008	-0.71801496827093
613	0	0.675062903552316	0.6569767	0.0005986877	17.67624	17.34981	-0.796318592220067
614	0	0.659319862374105	0.6686047	0.0005847183	17.51392	17.2643	-0.856733239404775
615	0	0.684626885410398	0.6802326	0.0004124619	17.811	17.54441	-1.25830237322446
616	0	0.712045258725993	0.6802326	0.0007718265	17.8137	17.53638	-0.868132994040487
617	0	0.740870143752545	0.6802326	0.0005773152	17.73184	17.50218	-1.04629148793146
618	0	0.70758860539645	0.7180233	0.0006496146	17.79054	17.48968	-1.19287129908673
619	0	0.680031344410963	0.6540698	0.0006642623	17.72547	17.2771	-0.505314702082619
61	0	0.665784487570636	0.7296512	0.000744442	17.70301	17.42494	-0.938645569116972
620	0	0.684043288417161	0.6424419	0.0006120051	17.648	17.28234	-0.676500452878966
621	0	0.696555881202221	0.7034884	0.0004109384	17.73173	17.36307	-0.755425041470154
622	0	0.739003508863971	0.7151163	0.000429961	17.94971	17.68337	-1.46760145578172
623	0	0.686066040000878	0.7296512	0.0007213953	17.68356	17.43614	-1.05648678947096
624	0	0.744985830876976	0.7587209	0.0006655575	17.87608	17.64114	-1.37602475025586
625	0	0.736612308444455	0.7122093	0.0005020861	17.98927	17.69081	-1.37927391962758
626	0	0.657697481825016	0.7122093	0.0006757595	17.63671	17.2988	-0.737016181140423
627	0	0.723334562429227	0.6918605	0.0006305107	17.84067	17.55889	-1.34425737816042
628	0	0.665253553143702	0.6511628	0.0004702295	17.78101	17.49528	-0.989502543730472
629	0	0.670118885370903	0.7209302	0.0007175903	17.63046	17.24237	-0.660263990441472
62	0	0.709678437374532	0.7325581	0.0005784252	17.79767	17.54639	-1.23640855625533
630	0	0.657499183760956	0.6627907	0.0004868187	17.60302	17.27483	-0.693042662136527
631	0	0.698054744047113	0.7354651	0.0008410788	17.62588	17.34777	-1.016421747161
632	0	0.69510837784037	0.6744186	0.0004325695	17.75601	17.51502	-1.27403563267559
633	0	0.742658335343003	0.7325581	0.0007080893	17.83558	17.54011	-1.16623068916935
634	0	0.655449581774883	0.6598837	0.0008553783	17.61328	17.11102	-0.49432152938352
635	0	0.668457460519858	0.7005814	0.0009608015	17.67249	17.27708	-0.758102368576091
636	0	0.70478157273028	0.7267442	0.000661161	17.69255	17.40745	-0.859420003244159
637	0	0.732364204199985	0.7180233	0.0004720867	17.83537	17.57766	-1.14633063585297
638	0	0.694975486653857	0.6686047	0.0005922624	17.64479	17.32062	-0.770774723889095
639	0	0.68766199068632	0.6744186	0.0005963533	17.75225	17.39224	-0.913858405010639
63	0	0.695271555916406	0.7383721	0.0007898191	17.71581	17.34387	-1.00662718438313
640	0	0.675606650160626	0.6947674	0.0007248924	17.70255	17.40375	-0.918514077554519
641	0	0.712256938661449	0.7034884	0.000674481	17.77559	17.49855	-1.0780598626771
642	0	0.731834304495715	0.7063953	0.0007907558	17.78306	17.55716	-1.19685609402068
643	0	0.68809193582274	0.6947674	0.0006348367	17.68581	17.36099	-0.852671627964587
644	0	0.673952861735597	0.6744186	0.0007186643	17.71253	17.44682	-0.960814899028933
645	0	0.696060483297333	0.7325581	0.0006450711	17.74929	17.44318	-0.839737654693386
646	0	0.690412207483314	0.6598837	0.0006025133	17.62747	17.28412	-0.874150304526671
647	0	0.652401711582206	0.7063953	0.0008916256	17.75219	17.3702	-1.02674962587535
648	0	0.711926541803405	0.6656977	0.0006448291	17.70938	17.37002	-1.18128264199836
649	0	0.669824622827582	0.5813953	0.0009041675	17.64257	17.28863	-0.693476121004508
64	0	0.678433236572891	0.6889535	0.0007033631	17.69057	17.32191	-0.581615440771353
650	0	0.659358329768293	0.6860465	0.0007698892	17.68146	17.38978	-0.763417814098555
651	0	0.68665018924512	0.6773256	0.0008805287	17.68048	17.36363	-0.948714044006543
652	0	0.711450861906633	0.7325581	0.0005935329	17.80588	17.49909	-1.17600308168654
653	0	0.698064933135174	0.6860465	0.0005436471	17.7561	17.45641	-0.967525670730005
654	0	0.694625239190646	0.6337209	0.0005493697	17.67972	17.38004	-0.988999833530958
655	0	0.651312904246152	0.622093	0.0007580035	17.71253	17.41194	-0.790582362333383
656	0	0.655349116935395	0.7267442	0.0005314196	17.68792	17.38086	-0.783951378399934
657	0	0.653518154588528	0.6598837	0.0009516554	17.59016	17.17418	-0.510853010226229
658	0	0.7140563524561	0.752907	0.0007450874	17.82673	17.54483	-1.15211886430246
659	0	0.676723132445477	0.6831395	0.0009795956	17.62694	17.23795	-0.795546967137116
65	0	0.662116227252409	0.6947674	0.0008081533	17.60582	17.22441	-0.806999916219868
660	0	0.669803937827237	0.6540698	0.0008484767	17.72168	17.43456	-0.92617788150254
661	0	0.68521458148025	0.7151163	0.0005519241	17.65308	17.35457	-0.969514042642832
662	0	0.69820518780034	0.7325581	0.0006285582	17.6416	17.36112	-0.950402285430949
663	0	0.65588364074938	0.6773256	0.0005912337	17.61824	17.29884	-0.67742117152215
664	0	0.704116083797999	0.6337209	0.0009792896	17.79466	17.51648	-1.16963046825798
665	0	0.651384381740354	0.619186	0.0004290079	17.7036	17.44275	-1.06853047730233
666	0	0.656139015662484	0.7093023	0.0009664886	17.67239	17.19056	-0.495246297508843
667	0	0.725926166912541	0.752907	0.0003979608	17.84954	17.48648	-0.981177154877749
668	0	0.705445629847236	0.6976744	0.0007213105	17.72874	17.38645	-1.0145878394232
669	0	0.748354559740983	0.747093	0.0007018702	17.87757	17.57814	-1.3354525698437
66	0	0.706464210315607	0.7645349	0.0008347448	17.81939	17.54434	-1.23797221530448
670	0	0.71840241891332	0.6976744	0.000955392	17.78676	17.47548	-1.12755062818373
671	0	0.749846269516274	0.7790698	0.0007608177	17.84309	17.5771	-1.51291437582168
672	0	0.651454515149817	0.6598837	0.0007438133	17.65428	17.37948	-0.927525523603062
673	0	0.695490886271	0.6947674	0.0007341044	17.82105	17.49068	-1.1537236240015
674	0	0.681046124617569	0.6831395	0.0007886488	17.63561	17.23938	-0.643018843918639
675	0	0.655351396696642	0.6598837	0.0008649781	17.66672	17.37393	-0.801947807975953
676	0	0.655283142626286	0.6656977	0.0005426854	17.68093	17.37656	-0.802784251631454
677	0	0.656208155793138	0.630814	0.0005701414	17.5586	17.26133	-0.681781080855724
678	0	0.690524880122393	0.6715116	0.0006079439	17.69075	17.40165	-1.08664414026096
679	0	0.684643642255105	0.7209302	0.0005444089	17.62843	17.31232	-0.900760088591562
67	0	0.677421946381219	0.6686047	0.0006300466	17.61038	17.24452	-0.899220233729043
680	0	0.679780267341994	0.7034884	0.0009322415	17.78124	17.45729	-1.17365426181896
681	0	0.655667460523546	0.7238372	0.00151782	17.51083	17.24493	-0.797488338264339
682	0	0.654689034633338	0.6395349	0.0008619573	17.70764	17.3118	-0.878204104114125
683	0	0.655610225582495	0.7122093	0.0008181853	17.61439	17.27284	-0.901266004590265
684	0	0.689733181381598	0.6569767	0.0006002896	17.58109	17.2681	-0.923109690956909
685	0	0.660851918254048	0.6482558	0.0006346933	17.76035	17.45148	-1.0562589113122
686	0	0.730982349487022	0.7180233	0.000531125	17.82024	17.58178	-1.14610340693804
687	0	0.656908576539718	0.6017442	0.0008313942	17.71381	17.36038	-0.937755481859418
688	0	0.714188298094086	0.7267442	0.0005018301	17.76154	17.42211	-0.867069330278937
689	0	0.712386583769694	0.744186	0.0007406191	17.75462	17.40482	-0.963159201869379
68	0	0.731050699204207	0.7703488	0.0006088209	17.91897	17.67618	-1.26244992764817
690	0	0.698044685972855	0.6802326	0.0007649559	17.78632	17.42128	-0.937472434762428
691	0	0.710428595985286	0.7209302	0.000632688	17.67601	17.36226	-0.832397131480058
692	0	0.651267694984563	0.7063953	0.0008377582	17.59575	17.25541	-0.807173182461502
693	0	0.713522654632106	0.7383721	0.0005940343	17.64497	17.31769	-0.908983114070434
694	0	0.712633238756098	0.747093	0.0006245153	17.71827	17.3878	-0.802045489363145
695	0	0.717181189055555	0.6947674	0.0005616437	17.71208	17.47497	-0.858680056098802
696	0	0.674609446665272	0.6889535	0.0006584339	17.69828	17.45801	-0.928552848818513
697	0	0.664945979882032	0.7005814	0.0008298041	17.73414	17.35979	-0.897312667304117
698	0	0.674752791551873	0.6656977	0.0006557463	17.73884	17.42403	-0.81903985881959
699	0	0.699104433879256	0.7209302	0.0008045144	17.77773	17.50589	-0.982472635934545
69	0	0.701185100269504	0.6656977	0.0007894517	17.72281	17.46885	-0.74431325743926
6	0	0.742881735507399	0.7063953	0.0006070092	17.8754	17.61261	-1.28088286032777
700	0	0.682086955942214	0.6918605	0.0006746706	17.70151	17.33649	-0.739119498090376
701	0	0.719830742687918	0.6889535	0.0005449425	17.77719	17.48665	-0.96516310529805
702	0	0.658686604886316	0.6046512	0.0008155855	17.68008	17.27226	-0.606632377126793
703	0	0.68767121238634	0.744186	0.0008252161	17.74858	17.46653	-0.869506850937209
704	0	0.69281460295897	0.7180233	0.0009079525	17.61599	17.28919	-0.842215771216199
705	0	0.695583824487403	0.6569767	0.0009295885	17.69379	17.2876	-1.06579571704648
706	0	0.678840140346438	0.6424419	0.0008474598	17.6883	17.2585	-0.709720127315606
707	0	0.702807834371924	0.6802326	0.0006907388	17.72506	17.45187	-1.17706488258759
708	0	0.712008722499013	0.6860465	0.0006327138	17.72354	17.45195	-1.24948797938248
709	0	0.695402923668735	0.6802326	0.0005861392	17.71161	17.45585	-1.04692518554849
70	0	0.741081139445305	0.744186	0.0008456465	17.85917	17.65896	-1.52861566738034
710	0	0.695836664456874	0.6656977	0.001071912	17.64705	17.34491	-0.964843029286885
711	0	0.720855275075883	0.6802326	0.0006751103	17.87615	17.60464	-1.37429284368968
712	0	0.655296915047802	0.6569767	0.0008679606	17.60123	17.2234	-0.641197539106377
713	0	0.68215907162521	0.6162791	0.0008340963	17.78829	17.54365	-1.1928138489453
714	0	0.652234667004086	0.6860465	0.0005816713	17.68059	17.36696	-0.61915147708465
715	0	0.663913718285039	0.6511628	0.0006612902	17.58447	17.17988	-0.626750087096102
716	0	0.702004164038226	0.6715116	0.0005575783	17.79908	17.47231	-1.13130265147816
717	0	0.662026469921693	0.6075581	0.0007596604	17.60213	17.26547	-1.12873834190007
718	0	0.745912492298521	0.747093	0.0005036846	17.83202	17.54138	-1.11519987771822
719	0	0.722335278755054	0.6744186	0.0005477527	17.73904	17.46808	-1.03849386715132
71	0	0.650483401259407	0.6715116	0.0006662521	17.58892	17.19546	-0.54154270336383
720	0	0.735634291521274	0.7412791	0.0003992837	17.80586	17.52334	-1.14138055439655
721	0	0.68897378903348	0.6337209	0.000831133	17.71603	17.38035	-0.663442057223166
722	0	0.653718200395815	0.625	0.0005050609	17.46018	17.17079	-0.532787915752529
723	0	0.725788820441812	0.6918605	0.0005704737	17.79988	17.58294	-0.969447738741609
724	0	0.707455324428156	0.7180233	0.0005454274	17.82915	17.54639	-1.33752360981323
725	0	0.652657017996535	0.6831395	0.0005913074	17.5775	17.2699	-0.714884554708613
726	0	0.670220845704898	0.6976744	0.0004543964	17.74283	17.45102	-0.975910391231414
727	0	0.713288819906302	0.6976744	0.0009340037	17.81679	17.61647	-1.19046073654732
728	0	0.747185270139016	0.7412791	0.0007562459	17.8268	17.56741	-1.37819126657321
729	0	0.742463785037398	0.7180233	0.0005479282	17.83268	17.53705	-1.09267314700033
72	0	0.724697209312581	0.7151163	0.0006289643	17.92579	17.64069	-1.33877927451481
730	0	0.685813258821145	0.6802326	0.0007156885	17.66546	17.36872	-0.914007482057314
731	0	0.676735672540963	0.6598837	0.0007863038	17.63532	17.35845	-0.892708232489327
732	0	0.691016838001087	0.7267442	0.000568724	17.65148	17.34708	-0.924176600178288
733	0	0.723906519659795	0.7151163	0.0005710589	17.7972	17.57128	-1.28529122391349
734	0	0.740345025551505	0.744186	0.000590708	17.76438	17.53096	-0.905499846179165
735	0	0.703387773735449	0.7412791	0.0006174001	17.72491	17.39528	-0.835418532901349
736	0	0.699809554358944	0.6715116	0.0004985792	17.69408	17.42453	-0.985809295570198
737	0	0.738521522353403	0.7383721	0.000427443	17.8687	17.6208	-1.17860123389707
738	0	0.719343955861405	0.7034884	0.0006842481	17.71415	17.5073	-0.976256838856139
739	0	0.743942668335512	0.6947674	0.0005132281	17.90681	17.63193	-1.51911240748134
73	0	0.664469417976216	0.6744186	0.0007498794	17.6668	17.29493	-0.873941547999592
740	0	0.705913166911341	0.7325581	0.0004527597	17.82867	17.51799	-1.30136667380625
741	0	0.692093980778009	0.7063953	0.0005155072	17.80291	17.45236	-1.14740793126844
742	0	0.666872390313074	0.6831395	0.0007406895	17.61065	17.24686	-0.720376182793296
743	0	0.676276446785778	0.7412791	0.0006576154	17.71372	17.40929	-0.795430783105772
744	0	0.737350903078914	0.747093	0.0004620642	17.80322	17.54271	-1.36187189259494
745	0	0.665556104877032	0.7063953	0.0007560446	17.69195	17.33391	-0.874350504190625
746	0	0.665371393412352	0.6918605	0.0006791526	17.75463	17.39223	-1.03886221673457
747	0	0.657243222510442	0.6773256	0.0006593996	17.63737	17.33976	-1.00731995415672
748	0	0.686360246455297	0.6744186	0.0006199445	17.68314	17.36307	-0.975705058200235
749	0	0.686761968815699	0.7209302	0.0005190475	17.72675	17.41163	-0.969238963257015
74	0	0.719183900603093	0.7325581	0.0005781644	17.78382	17.48306	-1.40640099180639
750	0	0.731240094802342	0.755814	0.000853805	17.80319	17.45824	-1.12838840184424
751	0	0.74815137211699	0.7790698	0.0005176218	17.90828	17.66197	-1.37066463820904
752	0	0.682476293155924	0.6831395	0.000825023	17.6864	17.36163	-0.463794457888437
753	0	0.738882354251109	0.6918605	0.0007079543	17.72607	17.44055	-1.00730952408216
754	0	0.727214340795763	0.7034884	0.0005309922	17.7749	17.57671	-1.3274512599511
755	0	0.738701789849438	0.7151163	0.0005130842	17.86812	17.63388	-1.03482078306794
756	0	0.734464017860591	0.7238372	0.0004701727	17.77584	17.4385	-1.04613975848545
757	0	0.728415221604519	0.7587209	0.00046543	17.91327	17.6258	-1.405845872489
758	0	0.652610036544502	0.6831395	0.0006430174	17.70884	17.32938	-0.574384627183337
759	0	0.652313432609662	0.6075581	0.0008000522	17.58013	17.21288	-0.559835814323005
75	0	0.741198542760685	0.7587209	0.0003860886	17.79669	17.54123	-1.23402597938702
760	0	0.710225891182199	0.7005814	0.0006665888	17.83112	17.48451	-0.889234235452393
761	0	0.674629436596297	0.6540698	0.0007581255	17.74744	17.501	-0.946644869484589
762	0	0.732824988290668	0.6918605	0.000837894	17.85283	17.64094	-1.47639819285992
763	0	0.687350280070677	0.7412791	0.000716851	17.69194	17.36817	-0.731526404390214
764	0	0.743095440487377	0.6918605	0.0006621369	17.86311	17.57062	-1.26166941255654
765	0	0.744302993244492	0.7354651	0.0007475879	17.8494	17.49903	-0.956928474445461
766	0	0.715574754052795	0.744186	0.000436645	17.81389	17.58101	-1.07493684341011
767	0	0.739526682160795	0.7616279	0.0003898862	17.74755	17.46375	-1.02764253064544
768	0	0.665934449457564	0.6627907	0.0005521685	17.27153	17.11862	-0.541314916322748
769	0	0.665064826072194	0.6569767	0.0007644929	17.60052	17.20448	-0.670033062154886
76	0	0.658762590563856	0.6802326	0.00104946	17.44423	17.26375	-0.831259984416316
770	0	0.687695362069644	0.6773256	0.0004168444	17.7611	17.44726	-0.842346859067932
771	0	0.737047909596004	0.6744186	0.0006091121	17.69527	17.46383	-1.13977775827925
772	0	0.708970175287686	0.6918605	0.0006280191	17.78225	17.50825	-1.22339537478769
773	0	0.650802480755374	0.6802326	0.0006505334	17.66443	17.33203	-0.687981550951781
774	0	0.722031979588792	0.7151163	0.0005270551	17.839	17.58707	-1.22222687520199
775	0	0.702670172229409	0.6947674	0.0005211543	17.72599	17.47309	-1.05771724069032
776	0	0.733998492080718	0.7645349	0.0006486158	17.96821	17.64284	-1.20275457338264
777	0	0.665872348006815	0.6802326	0.0006374209	17.70756	17.3948	-0.946088378370924
778	0	0.735326929576695	0.7674419	0.0006712617	17.79487	17.57177	-1.08483975965237
779	0	0.670249730907381	0.6860465	0.000533369	17.73044	17.41661	-0.748413683829973
77	0	0.650500920112245	0.6773256	0.0006870288	17.64888	17.38425	-0.887601120034446
780	0	0.703431954304688	0.7383721	0.0004788221	17.73419	17.4651	-1.10219305598186
781	0	0.655891151377	0.7093023	0.0006355701	17.70687	17.39757	-0.847504499527184
782	0	0.701258182059973	0.6627907	0.0009659141	17.67218	17.38292	-0.790305002170186
783	0	0.694676761562005	0.7209302	0.0006729833	17.71262	17.36246	-0.739834489593589
784	0	0.65305245264899	0.6715116	0.0006885851	17.71208	17.45468	-0.887124840471105
785	0	0.652666785591282	0.6831395	0.0004102507	17.70209	17.31736	-0.873648888549204
786	0	0.734665882051922	0.7122093	0.0006448116	17.86509	17.60743	-1.39008849023419
787	0	0.724950678343885	0.7267442	0.0004594901	17.77074	17.50455	-1.26711039397769
788	0	0.694975283998065	0.6947674	0.0004743546	17.81067	17.51984	-1.00006070203441
789	0	0.746335901180282	0.7383721	0.0003539218	17.89467	17.66152	-1.17784242159254
78	0	0.692410639557056	0.6627907	0.0008738242	17.61291	17.25875	-0.713310292618759
790	0	0.706962091219612	0.6947674	0.0007183467	17.71451	17.34357	-0.99249064011726
791	0	0.734023303585127	0.755814	0.0004242246	17.86807	17.55076	-1.01908179082292
792	0	0.748875491810031	0.8110465	0.0006244355	17.73301	17.50193	-0.876077806746567
793	0	0.717935404716991	0.6831395	0.0005180389	17.7992	17.50651	-1.10708438198085
794	0	0.667957682372071	0.6802326	0.0004600879	17.71033	17.40231	-0.800851675774589
795	0	0.703566628252156	0.6947674	0.0006868144	17.80236	17.5362	-1.02351626175239
796	0	0.745955284661613	0.7151163	0.0004809181	17.88631	17.73984	-1.4066926385693
797	0	0.677956940606236	0.6918605	0.001108933	17.73688	17.42748	-1.01212804806515
798	0	0.70647762096487	0.6802326	0.0004519815	17.67296	17.34893	-0.91471208097565
799	0	0.65390797809232	0.5872093	0.0005786742	17.57969	17.30193	-1.26291376310553
79	0	0.748593065468594	0.7645349	0.0004493865	17.90958	17.69555	-1.45401008653392
7	0	0.664025572407991	0.7093023	0.0006903517	17.73433	17.49125	-0.835982424345786
800	0	0.693132569151931	0.6976744	0.0006322861	17.855	17.4436	-0.734687229385178
801	0	0.666703935433179	0.6627907	0.0005743054	17.69722	17.41258	-0.798055713513413
802	0	0.676664504455402	0.6744186	0.000695078	17.60559	17.2227	-0.598955832058217
803	0	0.716930229775608	0.75	0.0004686162	17.79603	17.53331	-1.07181603183017
804	0	0.729337570467033	0.755814	0.0007743286	17.71496	17.43542	-0.987057114202253
805	0	0.694755846285261	0.6947674	0.0004895268	17.79334	17.56271	-1.30781398619497
806	0	0.685395214357413	0.6744186	0.0003790162	17.7505	17.38558	-0.85238176992258
807	0	0.669868063996546	0.6656977	0.0006572171	17.62844	17.25841	-0.777442159451826
808	0	0.693326240242459	0.6511628	0.0007397054	17.73693	17.54025	-1.0223221115069
809	0	0.700354625820182	0.6744186	0.0004350422	17.7292	17.34943	-0.859107169190407
80	0	0.671809832728468	0.7238372	0.0006468321	17.68789	17.34368	-0.903928068920335
810	0	0.676990196644329	0.7151163	0.0007215991	17.60525	17.27211	-0.677657696348997
811	0	0.713491669809446	0.7383721	0.0005621612	17.92773	17.68012	-1.34876276018038
812	0	0.691796805639751	0.6598837	0.0008547881	17.69776	17.35102	-0.715336341663299
813	0	0.74346613464877	0.7093023	0.0006192197	17.89511	17.64024	-1.46701175035847
814	0	0.667339600599371	0.6482558	0.0007393053	17.72274	17.39982	-1.04628872286442
815	0	0.659300875058398	0.6627907	0.000723946	17.59668	17.32567	-0.846506574910433
816	0	0.728035461693071	0.752907	0.0007104383	17.80186	17.58237	-1.14045693106918
817	0	0.653045090800151	0.619186	0.0008333709	17.6186	17.17446	-0.45649041972355
818	0	0.717297849454917	0.6860465	0.0006789108	17.87001	17.60399	-1.38432387230454
819	0	0.668659843038768	0.6337209	0.0004665898	17.56753	17.18097	-0.618758616060732
81	0	0.697960573621094	0.6656977	0.0006338104	17.68238	17.37284	-1.13434887947867
820	0	0.748965838341974	0.7180233	0.0007413674	17.85496	17.60809	-1.30147251060709
821	0	0.662986970576458	0.6075581	0.0007219882	17.74044	17.38015	-0.777037857590309
822	0	0.711329729901627	0.6889535	0.000651023	17.78662	17.49808	-0.873852861578306
823	0	0.738391050230712	0.755814	0.0007071171	17.9493	17.72307	-1.64551414033257
824	0	0.660371265653521	0.6627907	0.0007023261	17.63901	17.30352	-0.862143320418362
825	0	0.741282502515242	0.7848837	0.0006314609	17.85711	17.55805	-1.11391542839705
826	0	0.711090566194616	0.7034884	0.0003602248	17.87704	17.48198	-1.15871977716914
827	0	0.6681093898369	0.6453488	0.000765781	17.59417	17.22177	-0.688084495670373
828	0	0.695549081382342	0.6656977	0.0004699397	17.74091	17.40487	-0.798174236322233
829	0	0.706900038360618	0.7063953	0.0007913914	17.77235	17.4823	-0.999568883647832
82	0	0.655385020631366	0.6366279	0.0006210708	17.59816	17.28539	-0.486201248599833
830	0	0.662707772175781	0.6686047	0.0006479063	17.55028	17.2527	-0.863509063454044
831	0	0.658605627459474	0.630814	0.0007615825	17.63832	17.23663	-0.56622697071937
832	0	0.720552210626192	0.7267442	0.0005221009	17.91509	17.6057	-1.12092807532437
833	0	0.740078724804334	0.747093	0.0005346302	17.91047	17.76238	-1.58237355313964
834	0	0.739217241061851	0.6860465	0.0007381948	17.8132	17.47514	-1.19624123730359
835	0	0.658614376699552	0.6627907	0.0005049785	17.66226	17.27982	-0.975179106419279
836	0	0.664956334698945	0.6482558	0.0004323832	17.68932	17.33314	-0.741643232480597
837	0	0.653504513064399	0.6627907	0.0005433767	17.36666	17.10079	-0.587718515854287
838	0	0.683944369712845	0.6715116	0.000777002	17.7672	17.54394	-0.78816877102347
839	0	0.699210629682057	0.6424419	0.0009032359	17.66549	17.41615	-0.920896523591801
83	0	0.73167526696343	0.7703488	0.0004171527	17.84298	17.70752	-1.41046793809707
840	0	0.715398812177591	0.7674419	0.0005995299	17.80857	17.51543	-1.17099902864877
841	0	0.721131027536467	0.6889535	0.0007947757	17.76721	17.44573	-1.03306235019643
842	0	0.702256087283604	0.7383721	0.0003974472	17.78093	17.54152	-1.40735845390844
843	0	0.696337333554402	0.7093023	0.0007869524	17.72392	17.50041	-1.16315884775394
844	0	0.650075838598423	0.6598837	0.0006872046	17.58499	17.11491	-0.548238062969034
845	0	0.714312155847438	0.6860465	0.0004621564	17.68086	17.4398	-1.00859627955528
846	0	0.66939668727573	0.6569767	0.0007718642	17.64384	17.30056	-0.559965580798372
847	0	0.692004585778341	0.7296512	0.0006458242	17.67092	17.413	-0.806696165883617
848	0	0.6907477469882	0.6976744	0.0008027223	17.71467	17.30703	-0.908692457719492
849	0	0.664429593482055	0.6540698	0.0006309086	17.67517	17.40274	-0.667070886776258
84	0	0.722842975519598	0.6802326	0.000878005	17.7105	17.40514	-0.898288198716724
850	0	0.698967380984686	0.6918605	0.0004348972	17.79126	17.54521	-0.919552625849127
851	0	0.706309488345869	0.6831395	0.0006620727	17.74446	17.43949	-0.883193544712248
852	0	0.673930668504909	0.6656977	0.0006467405	17.71502	17.3464	-0.868297276408372
853	0	0.704402208607644	0.7180233	0.001244015	17.73379	17.46157	-0.898941821922395
854	0	0.731078261230141	0.744186	0.0005849847	17.78958	17.4704	-0.943458847663834
855	0	0.73362085709814	0.7877907	0.0005041114	17.88626	17.65358	-1.41662062274645
856	0	0.660685077682137	0.6627907	0.0007669052	17.7895	17.50213	-0.968065321278932
857	0	0.686956995050423	0.6860465	0.0006894552	17.69592	17.44782	-0.95976308385326
858	0	0.683137207990512	0.6656977	0.0009089484	17.72627	17.43717	-1.00016375335363
859	0	0.650486375810578	0.6511628	0.0007936582	17.34546	17.17239	-0.773747425303907
85	0	0.657996863522567	0.6075581	0.001148999	17.69544	17.35507	-0.708589541726577
860	0	0.686658689915203	0.7093023	0.0005784737	17.64237	17.26139	-0.866256185208949
861	0	0.713139726873487	0.7063953	0.0007348726	17.70802	17.40424	-0.883213722802112
862	0	0.690496808476746	0.7034884	0.0007811659	17.84285	17.5712	-0.8768982825526
863	0	0.679117776430212	0.7238372	0.0006459769	17.71081	17.39969	-0.831454745987837
864	0	0.70028817076236	0.6598837	0.0009244979	17.64774	17.35251	-1.00319434208917
865	0	0.691917435964569	0.6976744	0.0005833721	17.83161	17.52062	-1.11813116233725
866	0	0.705515655898489	0.744186	0.0007076142	17.78752	17.56848	-1.09462512461615
867	0	0.685126429772936	0.6656977	0.0008618816	17.6697	17.2951	-0.742175036649108
868	0	0.749037336581387	0.7790698	0.0006599588	17.78122	17.53643	-1.17961281566049
869	0	0.745399873401038	0.7325581	0.0007546952	17.84775	17.48854	-1.2510163842399
86	0	0.707492023683153	0.7093023	0.0005214431	17.72871	17.43403	-0.965311534333107
870	0	0.733339002518915	0.6773256	0.0006114584	17.76923	17.48068	-1.03011208840966
871	0	0.707891225628555	0.6627907	0.0005263696	17.7318	17.41535	-0.877195203385092
872	0	0.688632640871219	0.6598837	0.0008094318	17.66099	17.4806	-1.23113056261179
873	0	0.655059751146473	0.6773256	0.0006322079	17.68918	17.412	-0.784911767699349
874	0	0.722325904248282	0.7122093	0.0004163498	17.80736	17.48221	-1.15130439856518
875	0	0.714825240732171	0.6598837	0.001039965	17.69294	17.40979	-0.929459654213054
876	0	0.659212804655544	0.6337209	0.0008071982	17.72596	17.34135	-0.81802276158801
877	0	0.70799723775126	0.7180233	0.0004889786	17.76331	17.5261	-0.956941089725846
878	0	0.707405513478443	0.6889535	0.0005383084	17.68411	17.34386	-0.864346356871897
879	0	0.700781614263542	0.6889535	0.0005672126	17.7574	17.44519	-1.04298040045834
87	0	0.718790077208541	0.7238372	0.000674371	17.81692	17.62151	-1.14863251459777
880	0	0.650304885581136	0.6453488	0.0005097271	17.62812	17.2543	-0.636444156165422
881	0	0.697949730977416	0.6686047	0.0005906393	17.80302	17.46901	-0.921226726416045
882	0	0.662503999448381	0.6860465	0.0006808406	17.74234	17.42383	-0.959059142449255
883	0	0.704581455863081	0.6976744	0.0006047276	17.87194	17.62891	-1.5244607494034
884	0	0.749918741709553	0.7383721	0.0007062624	17.95731	17.66384	-1.60579842822919
885	0	0.711411777837202	0.7877907	0.0006942594	17.77605	17.4895	-1.19105661367151
886	0	0.708385173790157	0.7383721	0.0006152955	17.80768	17.48474	-0.903519169560947
887	0	0.699038162641227	0.6686047	0.0009423196	17.72508	17.35437	-0.762413318604469
888	0	0.712762631988153	0.7238372	0.0006913023	17.70832	17.41981	-0.856437575209413
889	0	0.694442201615311	0.6773256	0.0007360125	17.58572	17.2791	-0.841191011781812
88	0	0.732477729907259	0.752907	0.0004819724	17.8002	17.55445	-1.27729900650294
890	0	0.681296328012832	0.625	0.0009287317	17.70064	17.36032	-0.904287110443815
891	0	0.709002541052178	0.6831395	0.0007945848	17.71237	17.43374	-0.994617432493583
892	0	0.723016089317389	0.7587209	0.0005549633	17.87718	17.54864	-1.09237093114386
893	0	0.684041236899793	0.6540698	0.0007929068	17.78785	17.48081	-1.07611476316037
894	0	0.709280096669681	0.6424419	0.0008313221	17.74554	17.44594	-0.935967084587566
895	0	0.655711351055652	0.6627907	0.0006652333	17.61854	17.22262	-0.610092277105635
896	0	0.717563695274293	0.7122093	0.0005970836	17.76571	17.494	-1.28152996593296
897	0	0.729581863898784	0.7238372	0.0005952458	17.78807	17.59396	-1.32062315151254
898	0	0.743389892415144	0.7354651	0.0005994165	17.95995	17.65876	-1.49293568267026
899	0	0.687603855342604	0.6976744	0.0005277153	17.7054	17.42654	-1.00550448766204
89	0	0.684653198206797	0.6686047	0.001047469	17.75845	17.48347	-0.916302277678064
8	0	0.670501146931201	0.6918605	0.0005327183	17.70356	17.39703	-0.982124518219864
900	0	0.727434016857296	0.744186	0.0004612293	17.79177	17.57176	-1.00401617661001
901	0	0.713508579251356	0.7122093	0.0006722466	17.72007	17.46918	-1.09963949364297
902	0	0.737820238876157	0.6715116	0.0005980655	17.79747	17.51651	-1.03115897336588
903	0	0.712935185199603	0.747093	0.0006232879	17.80048	17.54193	-1.0808655588303
904	0	0.74796695408877	0.7412791	0.0006268257	17.84378	17.54978	-1.35296412544954
905	0	0.697254997794516	0.7412791	0.0007513575	17.80659	17.47612	-1.27327775198024
906	0	0.686604408361018	0.6918605	0.0007832642	17.71063	17.39408	-0.996826583426226
907	0	0.714596032653935	0.6860465	0.0007611969	17.8526	17.47782	-1.17680261143924
908	0	0.668938465486281	0.6540698	0.0008602632	17.70433	17.36827	-1.01300002765057
909	0	0.681569680850953	0.6395349	0.0006642867	17.76577	17.46896	-0.930880170074655
90	0	0.717860044259578	0.7063953	0.000388636	17.79983	17.50071	-1.00599914330799
910	0	0.682943144417368	0.6947674	0.0005347021	17.84679	17.56572	-1.26921189485556
911	0	0.729247898026369	0.7267442	0.0004888064	17.8187	17.56254	-1.03749493145961
912	0	0.732406302215531	0.747093	0.0005882478	17.76748	17.52075	-1.26334607438813
913	0	0.726690861303359	0.7238372	0.0005137999	17.85468	17.56926	-1.31474952847633
914	0	0.679941437859088	0.6976744	0.0005895523	17.78721	17.4412	-0.917137108642726
915	0	0.66151177205611	0.6656977	0.0006883552	17.69714	17.43135	-0.994441378115009
916	0	0.716602454078384	0.7209302	0.0006552833	17.69925	17.39576	-0.901055405430576
917	0	0.6656297812704	0.622093	0.0006728526	17.56496	17.31203	-0.739907602361802
918	0	0.684453883045353	0.7325581	0.0004537961	17.64617	17.33353	-0.961992714381493
919	0	0.671857054275461	0.6598837	0.0006635036	17.73397	17.43723	-0.886171473574698
91	0	0.656615033792332	0.6395349	0.0005429718	17.70461	17.41513	-1.17763775210466
920	0	0.73437745408155	0.6947674	0.0004908207	17.90763	17.60304	-1.22774714719962
921	0	0.74795693422202	0.7761628	0.0005858636	17.96325	17.72073	-1.78590766355594
922	0	0.656117126834579	0.6511628	0.0007502006	17.55839	17.17559	-0.583482701319134
923	0	0.696267767553218	0.7151163	0.0006700877	17.7419	17.44703	-0.974832266659431
924	0	0.705994962039404	0.744186	0.0008086433	17.79593	17.48866	-1.17179258200983
925	0	0.720894599240273	0.7267442	0.0006394256	17.72337	17.43594	-0.806639707849442
926	0	0.70349380581174	0.7151163	0.0007262259	17.81877	17.50833	-1.26266863947331
927	0	0.723406144231558	0.7674419	0.000958826	17.8146	17.59363	-1.28308658384327
928	0	0.697876395867206	0.7209302	0.0007391635	17.84444	17.56959	-1.10291608074849
929	0	0.724144999193959	0.7209302	0.0007320084	17.79928	17.51254	-0.831554298113897
92	0	0.73745138051454	0.7267442	0.0005097993	17.98049	17.72435	-1.36641867492607
930	0	0.715628707641736	0.7063953	0.0006769692	17.82204	17.60228	-1.41731858253093
931	0	0.739514317596331	0.7267442	0.0005359854	17.79989	17.55004	-1.29010637203786
932	0	0.674401238607243	0.6569767	0.0005842466	17.62767	17.30776	-0.735409316305706
933	0	0.663093589618802	0.6540698	0.0005906987	17.6498	17.27119	-0.801469247113891
934	0	0.732163270376623	0.7267442	0.0005350824	17.96267	17.68559	-1.51043725669997
935	0	0.705974417203106	0.7267442	0.0008896379	17.69126	17.37568	-0.776378481548616
936	0	0.718811963847838	0.7383721	0.0007365623	17.80649	17.41783	-1.01160736329607
937	0	0.726166999456473	0.7587209	0.0009532854	17.79333	17.57162	-1.18009141920245
938	0	0.743307142937556	0.7790698	0.0005296852	17.91555	17.61882	-1.2540296156422
939	0	0.696991894650273	0.6947674	0.0006574193	17.68715	17.35407	-0.724937902177877
93	0	0.734671166539192	0.7122093	0.0005921523	17.89074	17.66117	-1.58744345730293
940	0	0.673005424882285	0.6162791	0.0007039171	17.55359	17.25744	-0.756833053857971
941	0	0.747237639012747	0.7034884	0.0006874293	17.9035	17.61018	-1.40900988091016
942	0	0.657781224069186	0.7122093	0.0007322199	17.78497	17.37542	-0.797397937258368
943	0	0.739019104302861	0.7761628	0.0006264454	17.93095	17.64453	-1.84442749919983
944	0	0.748245920543559	0.7296512	0.0006831207	17.84737	17.56999	-1.1853167088606
945	0	0.687132211402059	0.6918605	0.000794274	17.69532	17.37758	-1.05303081739853
946	0	0.661922496650368	0.6598837	0.0006722489	17.65208	17.23728	-0.769532138896908
947	0	0.666861948743463	0.6424419	0.0009055264	17.65861	17.26759	-0.878499280477919
948	0	0.674741163291037	0.7005814	0.0009067135	17.6096	17.30023	-0.581884418508129
949	0	0.701584146055393	0.7122093	0.0007748997	17.78527	17.55419	-1.30932086702374
94	0	0.71562442316208	0.7180233	0.0005344439	17.86288	17.50316	-0.913872368177335
950	0	0.702498148824088	0.7267442	0.0007436395	17.72486	17.44192	-1.04337284802525
951	0	0.716533487010747	0.6656977	0.0005988634	17.66415	17.37625	-1.01254985185799
952	0	0.740670752339065	0.7645349	0.0005692628	17.88621	17.61009	-1.22551208271209
953	0	0.711136152991094	0.755814	0.0004541944	17.70861	17.44865	-0.878497759235153
954	0	0.716607602243312	0.7093023	0.0006920349	17.79837	17.50843	-0.9685485715544
955	0	0.70045644401107	0.6831395	0.0005212769	17.72674	17.45513	-0.991787797305817
956	0	0.655904693203047	0.625	0.0004426764	17.7028	17.3526	-0.820286472016473
957	0	0.67689619762823	0.7034884	0.0005370309	17.73362	17.46217	-0.881776673018233
958	0	0.692359378212132	0.6511628	0.0008960832	17.74765	17.48081	-1.34462732475501
959	0	0.706350310333073	0.7587209	0.0006698319	17.8062	17.54018	-1.0754824676258
95	0	0.729874360957183	0.7151163	0.0004024655	17.80561	17.59033	-1.16069944009595
960	0	0.687190105183981	0.6656977	0.0007962393	17.69997	17.38052	-0.754305250060644
961	0	0.743480075593106	0.7761628	0.0005960613	17.83665	17.62511	-1.27067048252605
962	0	0.656453043175861	0.630814	0.0006104822	17.69916	17.34755	-0.984704465923922
963	0	0.684276208980009	0.7063953	0.0007172284	17.69393	17.42046	-0.878586820825014
964	0	0.749101897352375	0.75	0.0005462747	17.80217	17.61648	-1.31496833286249
965	0	0.733360297465697	0.6889535	0.000588745	17.92883	17.73325	-1.64047166263784
966	0	0.67841755845584	0.6715116	0.0008157609	17.66314	17.35646	-0.83433879017995
967	0	0.748226235224865	0.75	0.0005562221	17.83453	17.64854	-1.54303686490445
968	0	0.693840593541972	0.6337209	0.0006920327	17.6554	17.29383	-0.913469762424753
969	0	0.652183831413277	0.6424419	0.0006046026	17.56417	17.2149	-0.413272559462614
96	0	0.745997680816799	0.7761628	0.0006082949	17.92847	17.68856	-1.30087266722599
970	0	0.679356279294007	0.7063953	0.0007554608	17.81523	17.54159	-0.972569965562477
971	0	0.738705408317037	0.752907	0.0007651369	17.84095	17.62652	-1.30113587907588
972	0	0.734675516886637	0.7122093	0.0005365687	17.74553	17.4198	-0.91153529958322
973	0	0.677785093546845	0.6744186	0.0005826766	17.64967	17.35318	-0.744836906338916
974	0	0.725884887878783	0.6686047	0.0005991979	17.78929	17.49776	-0.930066255108266
975	0	0.673790545621887	0.7238372	0.0006374735	17.76311	17.52077	-1.0691077080258
976	0	0.736298826662824	0.6947674	0.0007026423	17.76863	17.51867	-0.907386216076964
977	0	0.697939384076744	0.7093023	0.000520419	17.67593	17.33475	-0.796485928489371
978	0	0.743701136717573	0.7412791	0.0005103731	17.9222	17.68269	-1.40925867004455
979	0	0.672562135569751	0.6395349	0.001029436	17.64478	17.32087	-0.766255936098775
97	0	0.696008262783289	0.6424419	0.0004003745	17.82993	17.4982	-1.24749209511851
980	0	0.726898175757378	0.75	0.0005351646	17.7966	17.48949	-0.89621070798041
981	0	0.653070503263734	0.7122093	0.0006444471	17.57444	17.20283	-0.824186208135298
982	0	0.73864623317495	0.744186	0.001133163	17.77162	17.5493	-1.27732732984506
983	0	0.718255417025648	0.7063953	0.0007233988	17.81366	17.53211	-1.11292822042287
984	0	0.687413089629263	0.7122093	0.0007207106	17.70103	17.38666	-1.09102776316011
985	0	0.667350948066451	0.6424419	0.0007973172	17.68699	17.26919	-0.996214778633396
986	0	0.677661160030402	0.6598837	0.0007833899	17.72014	17.37	-0.804620590781128
987	0	0.70767749666702	0.6918605	0.0005548403	17.75265	17.5152	-1.04144531536032
988	0	0.708274772530422	0.6976744	0.0007133546	17.76382	17.5039	-0.977289832203427
989	0	0.678719636634924	0.6627907	0.0007194581	17.68271	17.30952	-0.803450359334682
98	0	0.716484198789112	0.744186	0.0005851724	17.78385	17.53529	-0.974390905885492
990	0	0.738755333586596	0.75	0.0004872691	17.96598	17.69343	-1.46870205208917
991	0	0.660686544096097	0.6686047	0.0008340781	17.67534	17.35172	-0.676158914224768
992	0	0.703643117356114	0.6976744	0.0004939483	17.7348	17.44655	-0.871033972344525
993	0	0.701345524494536	0.7180233	0.00058755	17.69759	17.47427	-1.15999660135898
994	0	0.748504942050204	0.7093023	0.0004465596	17.82388	17.52503	-1.14681638251135
995	0	0.660562336840667	0.6715116	0.000490774	17.6784	17.28786	-0.634907194021287
996	0	0.74548783286009	0.7354651	0.0006208401	17.88135	17.63783	-1.31487833096636
997	0	0.661565264966339	0.6569767	0.0007156133	17.57534	17.26695	-0.838882678565569
998	0	0.738178426446393	0.7587209	0.0004903822	17.75246	17.46738	-1.04216199045209
999	0	0.710306893289089	0.6976744	0.0004850916	17.7721	17.44529	-1.09713506515348
99	0	0.671623999276198	0.6715116	0.000578267	17.64516	17.28443	-0.917295083943004
9	0	0.709633131232113	0.7151163	0.0007730753	17.70191	17.44142	-1.13047653742062
