seed	s	m	bene_prop	var_prop	median_tract	mean_tract	iDAT_score
1000	0	0.692580827744678	0.6744186	0.001213987	17.59045	17.23651	-0.813926795412692
100	0	0.696708877733909	0.7296512	0.00112192	17.70546	17.35661	-0.915809621980156
101	0	0.740918786078691	0.7063953	0.001069749	17.96633	17.70946	-1.39124722292127
102	0	0.693662154511549	0.6569767	0.001600423	17.3246	17.09576	-0.533411026011513
103	0	0.663403363642283	0.6656977	0.001146897	17.71282	17.38809	-0.943183159839758
104	0	0.718589097540826	0.7209302	0.001349945	17.82197	17.52152	-1.71456489438158
105	0	0.673318308172748	0.6802326	0.001011073	17.68234	17.28233	-1.05769736930269
106	0	0.740696452092379	0.7732558	0.0008603994	18.06439	17.85076	-2.34046562441621
107	0	0.713902448141016	0.7238372	0.0005523233	17.74859	17.44683	-0.823441407548661
108	0	0.683894968451932	0.6540698	0.0009349018	17.65921	17.27829	-0.822254401679853
109	0	0.696842441288754	0.7761628	0.00229519	17.72965	17.41176	-1.04911121713613
10	0	0.708265438326634	0.6889535	0.001198301	17.66701	17.39272	-0.741577637160676
110	0	0.672960902238265	0.7412791	0.001077912	17.69504	17.40612	-1.00978606502448
111	0	0.746189224324189	0.7645349	0.00100311	17.83695	17.57385	-0.901902442105805
112	0	0.745495761325583	0.7848837	0.0007573225	17.85122	17.64073	-1.06489601764587
113	0	0.727049690810963	0.7354651	0.001135734	17.86474	17.67981	-1.23261457818445
114	0	0.743107769242488	0.7122093	0.0009272708	18.04203	17.72806	-1.5021421692458
115	0	0.667596073076129	0.5930233	0.001745781	17.62462	17.20434	-0.636453405828514
116	0	0.659125328809023	0.6482558	0.001894546	17.65609	17.33921	-0.775128698740984
117	0	0.682618175912649	0.6860465	0.002084754	17.8515	17.47468	-1.00768308715046
118	0	0.715563284000382	0.744186	0.001429192	17.86575	17.63925	-1.45961861608948
119	0	0.689049390540458	0.7325581	0.002059985	17.77482	17.45738	-0.869535398716252
11	0	0.725235244026408	0.7936047	0.001249059	17.9198	17.72941	-1.69682103965955
120	0	0.69183371916879	0.6976744	0.001466452	17.65655	17.32923	-1.13872145534165
121	0	0.669197395630181	0.6424419	0.001351941	17.57239	17.19218	-0.644982599869976
122	0	0.674830197333358	0.619186	0.001610558	17.68126	17.40371	-0.875356032790847
123	0	0.715194667526521	0.7906977	0.001025058	17.85272	17.65025	-1.29615538653609
124	0	0.673926705215126	0.6424419	0.001499463	17.61467	17.25257	-0.691518021709825
125	0	0.702501657116227	0.752907	0.0013982	17.73041	17.40563	-1.19116974643352
126	0	0.709857005998492	0.75	0.001464412	17.79569	17.55259	-1.20970042469549
127	0	0.749578899145126	0.7122093	0.0007945548	17.91813	17.69917	-1.60315355159482
128	0	0.729615710210055	0.7645349	0.0009956615	17.78156	17.53244	-1.01884780401657
129	0	0.719014185736887	0.755814	0.002082694	17.75448	17.47986	-0.949877644922547
12	0	0.691086037899368	0.6017442	0.001277923	17.5892	17.24242	-0.748703814087647
130	0	0.736095194844529	0.6889535	0.001355584	17.85254	17.54857	-1.33632466119426
131	0	0.716941708838567	0.6860465	0.001577078	17.71036	17.34702	-0.804414064217399
132	0	0.687334220646881	0.7267442	0.001422094	17.76047	17.50123	-0.994463449130328
133	0	0.710319459857419	0.7238372	0.0007662951	17.87718	17.60114	-1.37969385739562
134	0	0.652602547360584	0.627907	0.001156744	17.68909	17.21496	-0.774855435298793
135	0	0.690229232911952	0.6482558	0.0009361796	17.77628	17.5192	-1.31076397657766
136	0	0.715432260138914	0.7412791	0.001111127	17.81024	17.52403	-1.07843624016487
137	0	0.663922782661393	0.6918605	0.001036484	17.69082	17.32303	-0.997876294642105
138	0	0.719302439736202	0.7267442	0.0009189738	18.00053	17.80771	-1.8657409826179
139	0	0.657762282318436	0.6656977	0.001397851	17.72978	17.45237	-1.09002136734562
13	0	0.746120939520188	0.8168605	0.001303194	17.87821	17.64481	-1.5499774015424
140	0	0.655257985228673	0.6569767	0.000975681	17.69333	17.35353	-0.8268242013064
141	0	0.714525899896398	0.7732558	0.0008281979	17.76107	17.39128	-1.03232300010538
142	0	0.680902220401913	0.627907	0.001872572	17.76924	17.41289	-0.892506972634584
143	0	0.71540699461475	0.7034884	0.001356519	17.30864	17.17525	-0.726853925852575
144	0	0.658674489916302	0.6366279	0.001272977	17.60787	17.30072	-0.730834102055009
145	0	0.651421869033948	0.6395349	0.001587017	17.40488	17.17116	-0.498345797531578
146	0	0.691913100262173	0.6802326	0.001446193	17.78848	17.42462	-0.829782058975333
147	0	0.669276953418739	0.7093023	0.001480084	17.76761	17.34757	-0.770602526210844
148	0	0.665359019394964	0.7151163	0.001249702	17.62779	17.2545	-0.505401174241588
149	0	0.749181184195913	0.747093	0.0009568142	17.87816	17.64569	-1.35808075984732
14	0	0.725167974131182	0.7151163	0.00140301	17.86949	17.63038	-1.38559149571248
150	0	0.694200853584334	0.6656977	0.001065373	17.65385	17.3434	-0.939917801379085
151	0	0.726122634997591	0.747093	0.001504505	17.80918	17.59478	-1.31455993961397
152	0	0.68964153744746	0.7296512	0.001152954	17.80876	17.48823	-0.890861892875069
153	0	0.697483301046304	0.6947674	0.001475177	17.69243	17.42812	-0.904946384653724
154	0	0.731123942486011	0.7354651	0.001901417	17.73599	17.4813	-1.13954221440153
155	0	0.671363364486024	0.6715116	0.001224715	17.77447	17.45958	-1.26030334995423
156	0	0.718575149332173	0.744186	0.001326741	17.73278	17.42227	-1.11094705308479
157	0	0.715941750817001	0.7587209	0.001378586	17.76227	17.41933	-0.969499816863238
158	0	0.696050464734435	0.6395349	0.001053121	17.78374	17.47337	-1.06084276965756
159	0	0.692001650319435	0.6686047	0.001197381	17.42224	17.15808	-0.894426693248509
15	0	0.706112399580888	0.6947674	0.001132091	17.70494	17.34634	-1.04628346482958
160	0	0.69069827448111	0.6889535	0.001397539	17.81046	17.48719	-1.03766413491359
161	0	0.696956675406545	0.755814	0.002228071	17.83904	17.56757	-1.13918660608297
162	0	0.6601898254361	0.7093023	0.002190417	17.70447	17.30303	-0.712687494484682
163	0	0.744719252130017	0.7267442	0.0007190245	17.67412	17.35686	-0.868569980504916
164	0	0.705918596242554	0.7209302	0.0007505197	17.83206	17.57591	-1.29287498936253
165	0	0.7495085316943	0.8023256	0.0009018702	17.9068	17.77974	-1.58485556301848
166	0	0.697775549371727	0.6511628	0.001077391	17.75438	17.52998	-1.27652358740336
167	0	0.715740194008686	0.7761628	0.001394869	17.8129	17.52632	-1.1728746765835
168	0	0.694671217305586	0.6860465	0.001421139	17.68156	17.34687	-1.01246137074444
169	0	0.689436768111773	0.6889535	0.001169313	17.72765	17.4043	-0.83183795431665
16	0	0.740779210953042	0.7151163	0.001070911	17.88143	17.65656	-1.33363867802462
170	0	0.675051050982438	0.6162791	0.000961669	17.11068	17.05514	-0.470853327339571
171	0	0.724439773079939	0.7383721	0.0009115889	17.80671	17.52605	-1.21762498002352
172	0	0.678899426315911	0.7354651	0.001643375	17.74889	17.4085	-0.981970366687805
173	0	0.704378358391114	0.7209302	0.001142959	17.75515	17.49463	-1.21371604317871
174	0	0.685698396991938	0.7325581	0.0009578814	17.743	17.37472	-0.898528792678596
175	0	0.670834545954131	0.6744186	0.001064284	17.41196	17.20405	-0.651871399060033
176	0	0.715795327839442	0.7267442	0.0008907217	17.77573	17.55888	-1.49925923996557
177	0	0.73738502538763	0.6511628	0.0011709	17.91384	17.67124	-1.49286261647668
178	0	0.670696427067742	0.6424419	0.001387351	17.70389	17.32665	-0.746736396916357
179	0	0.715916771604679	0.7819767	0.0007344095	17.88231	17.69862	-1.59716871651532
17	0	0.656324181519449	0.6075581	0.001100108	17.53312	17.11652	-0.611473841160656
180	0	0.713397344294936	0.7267442	0.001098127	17.69938	17.45482	-1.04764107006459
181	0	0.746458819019608	0.6889535	0.0009915635	17.90972	17.60902	-1.44964927058343
182	0	0.662762685935013	0.6133721	0.001529953	17.33891	17.0169	-0.175256734642403
183	0	0.653707193164155	0.6424419	0.001033892	17.75272	17.41749	-1.04649294263801
184	0	0.650380603014492	0.6686047	0.001355582	17.63931	17.21465	-0.468383206399966
185	0	0.713866913993843	0.7267442	0.001248825	17.78893	17.51153	-1.08554987433286
186	0	0.686101612378843	0.7063953	0.001000441	17.66406	17.27805	-0.800749786201599
187	0	0.703780860058032	0.6686047	0.001723418	17.62269	17.35024	-0.629871651669564
188	0	0.675675782863982	0.6511628	0.002118897	17.7407	17.35402	-0.999706863859649
189	0	0.680951374652796	0.6627907	0.001034139	17.67238	17.36616	-0.867040853620306
18	0	0.667661025328562	0.6337209	0.00131124	17.58263	17.18228	-0.594997685372068
190	0	0.749532481469214	0.747093	0.0007275785	17.76893	17.50226	-0.946614638223957
191	0	0.67937192087993	0.630814	0.001575997	17.67889	17.33274	-0.877673974396551
192	0	0.662112713046372	0.6715116	0.0009166069	17.56349	17.25935	-0.669037441700114
193	0	0.705790452030487	0.7209302	0.001596619	17.79304	17.48326	-1.03779034612554
194	0	0.710754268057644	0.6831395	0.0008989578	17.81199	17.50408	-0.912648120703536
195	0	0.679815389728174	0.6715116	0.001229697	17.35367	17.16304	-0.51619326136244
196	0	0.651753926090896	0.6976744	0.0009217801	17.33075	17.16474	-0.851315988958251
197	0	0.706631206581369	0.6976744	0.001198229	17.81481	17.5738	-1.14608168754893
198	0	0.721957990108058	0.7180233	0.001787921	17.79934	17.54785	-0.908197710954604
199	0	0.702176897600293	0.7296512	0.002178136	17.76693	17.47057	-1.06554720508196
19	0	0.724676172761247	0.747093	0.001771869	17.85171	17.53615	-1.4148881561549
1	0	0.710239981045015	0.6511628	0.001493391	17.67574	17.41589	-0.759822602768155
200	0	0.710662171454169	0.7616279	0.001028775	17.69063	17.40554	-0.838889126987697
201	0	0.741338700149208	0.7703488	0.001383655	17.83597	17.57786	-1.03578487126145
202	0	0.666831992124207	0.6569767	0.001554553	17.76431	17.49462	-0.929939497787881
203	0	0.7323378772242	0.7703488	0.0006440906	17.77082	17.52037	-0.885956733921659
204	0	0.661834504338913	0.6569767	0.001245094	17.77247	17.53462	-1.11253337621457
205	0	0.746850594086573	0.7732558	0.0008130097	18.06984	17.8537	-1.78389635532056
206	0	0.693107328214683	0.6569767	0.0007274022	17.68919	17.42857	-1.03188844796946
207	0	0.728579260734841	0.7936047	0.001673874	17.84534	17.59161	-1.47381951670366
208	0	0.749335059896111	0.7238372	0.0009967232	17.8042	17.55484	-1.12474091859049
209	0	0.710602285643108	0.744186	0.0004652424	17.83077	17.51844	-0.934357811258526
20	0	0.739256445039064	0.7587209	0.001389446	17.79406	17.58769	-0.99879571763211
210	0	0.65036861167755	0.6453488	0.001749736	17.70729	17.4015	-0.942138242562505
211	0	0.701607326208614	0.6482558	0.001405683	17.58757	17.29808	-0.895824638834786
212	0	0.695041599008255	0.6569767	0.001430806	17.72706	17.38032	-0.726241906862122
213	0	0.686938553792425	0.7383721	0.001231219	17.96475	17.6454	-1.63809385985735
214	0	0.697989826626144	0.755814	0.0007548875	17.7763	17.48224	-1.1883514220339
215	0	0.664092061063275	0.5901163	0.00111902	17.76662	17.39195	-0.942973410046319
216	0	0.716728786076419	0.747093	0.0008860048	17.83882	17.57285	-1.22235082432989
217	0	0.667124136188068	0.6656977	0.0006798125	17.63483	17.32757	-0.777526296385576
218	0	0.669579932931811	0.6773256	0.0008926869	17.73517	17.43353	-0.925752756204686
219	0	0.662739746714942	0.7063953	0.001552617	17.63	17.30308	-0.755319245196435
21	0	0.728617038950324	0.6918605	0.001668862	17.87734	17.6871	-1.20243332428662
220	0	0.730459108320065	0.7267442	0.001759501	17.84983	17.55089	-1.26244296938407
221	0	0.702158066281118	0.7122093	0.001712024	17.79523	17.42606	-1.03499153113451
222	0	0.692127382708713	0.5959302	0.001861059	17.60154	17.31291	-1.01543276746694
223	0	0.717351840692572	0.7005814	0.001033312	17.81253	17.48352	-0.910585936572177
224	0	0.657470352528617	0.6017442	0.001250537	17.46303	17.23252	-0.664515666927996
225	0	0.697113818791695	0.7034884	0.001173673	17.80217	17.54947	-1.28008534324401
226	0	0.744671298214234	0.7005814	0.001193833	17.82415	17.53871	-1.39381938997669
227	0	0.672971931635402	0.6453488	0.001328966	17.73861	17.31294	-0.808036956338651
228	0	0.671606000885367	0.6627907	0.0008364122	17.65362	17.31357	-0.827419303185616
229	0	0.732860424811952	0.755814	0.0009858081	17.83338	17.5245	-1.09658954701815
22	0	0.725074192602187	0.7151163	0.001066988	17.79044	17.52446	-1.11024892605029
230	0	0.698349257791415	0.6511628	0.0007951262	17.69083	17.29804	-0.841264514584189
231	0	0.682498397212476	0.6686047	0.001655748	17.76896	17.5138	-1.15625926399824
232	0	0.666514970571734	0.6511628	0.000768536	17.44591	17.27397	-0.723309075762126
233	0	0.727355589717627	0.7877907	0.000904496	17.67778	17.49584	-0.903628754029474
234	0	0.680485884728842	0.6976744	0.000630114	17.78146	17.57147	-1.13962336464747
235	0	0.663097636098973	0.619186	0.001238844	17.59047	17.29018	-0.954949920969473
236	0	0.675896650669165	0.625	0.001235242	17.53241	17.18191	-0.696527446326511
237	0	0.70100072005298	0.6627907	0.000944647	17.81932	17.54526	-1.33251456448856
238	0	0.67821091033984	0.6889535	0.000857689	17.63841	17.31693	-0.781686382838316
239	0	0.732193716568872	0.6802326	0.0008823124	17.82258	17.55723	-1.16487062772782
23	0	0.742568324483	0.7645349	0.0009318763	17.82943	17.62013	-1.07831773906199
240	0	0.74200361170806	0.7325581	0.0008798905	17.9313	17.73142	-1.40554593445895
241	0	0.713610931276344	0.627907	0.001238428	17.71972	17.38087	-0.948518669530671
242	0	0.666925282916054	0.7412791	0.001782986	17.79402	17.38879	-0.922986178966574
243	0	0.698409669543616	0.630814	0.001569872	17.5748	17.28369	-0.821760266743792
244	0	0.6832290943712	0.6337209	0.001525789	17.44192	17.2189	-0.767671687569406
245	0	0.689094500779174	0.6889535	0.001378421	17.67425	17.35665	-1.34852370247324
246	0	0.702765037748031	0.630814	0.001704821	17.74657	17.38005	-0.671156798945014
247	0	0.690743304975331	0.75	0.001046366	17.86713	17.68176	-1.2413459353445
248	0	0.730509395850822	0.7616279	0.00151592	17.98997	17.65249	-1.3192495344152
249	0	0.684442795882933	0.6744186	0.001557476	17.83858	17.62103	-1.43681151256269
24	0	0.667275639413856	0.6773256	0.001720459	17.71446	17.41274	-0.822030940913645
250	0	0.711091301916167	0.6860465	0.001003248	17.72001	17.36512	-0.876736585866856
251	0	0.661835574405268	0.6337209	0.001226816	17.72104	17.28468	-0.827576842548256
252	0	0.710474540828727	0.744186	0.00195616	17.83105	17.60427	-1.50285768035497
253	0	0.663187541253865	0.6947674	0.001672835	17.70002	17.47293	-0.890875072094668
254	0	0.683755313558504	0.6569767	0.001330521	17.69529	17.46702	-1.16554008164528
255	0	0.698971838247962	0.6802326	0.001567754	17.78906	17.47995	-1.0691848743589
256	0	0.714959610905498	0.7063953	0.001134736	17.82536	17.58991	-1.27921164227373
257	0	0.736526453751139	0.7703488	0.00128156	17.83474	17.6518	-1.40373730763415
258	0	0.69597046978306	0.7267442	0.00106943	17.74868	17.46385	-0.871029070956999
259	0	0.735166574106552	0.7005814	0.001136273	17.76969	17.4864	-1.34718441446606
25	0	0.683126276754774	0.6686047	0.0009665767	17.72217	17.32441	-0.696160277306542
260	0	0.700448203412816	0.6831395	0.001428464	17.77753	17.49256	-1.06401335331404
261	0	0.651209455518983	0.625	0.001403178	17.64113	17.21781	-0.618724123859245
262	0	0.72353484435007	0.6511628	0.001509866	17.69694	17.43159	-1.19061962482984
263	0	0.684231812134385	0.625	0.001318003	17.77938	17.48628	-0.743573531378418
264	0	0.669605815596879	0.6860465	0.001419545	17.78361	17.42203	-1.12694765494438
265	0	0.742485432000831	0.7238372	0.0008643964	17.87314	17.64269	-1.25764510638501
266	0	0.656530164252035	0.6482558	0.0008894125	17.61287	17.29381	-0.653685395397632
267	0	0.693254333850928	0.6337209	0.00139895	17.6538	17.21145	-0.667403199137769
268	0	0.665801484603435	0.6511628	0.001005077	17.41583	17.18203	-0.587309450840312
269	0	0.733264294685796	0.6075581	0.0008789844	17.73331	17.42355	-0.886224179577235
26	0	0.69869842894841	0.7383721	0.001176058	17.73581	17.54166	-1.11202916907657
270	0	0.689604794210754	0.6569767	0.001497653	17.74991	17.42373	-1.06196034565623
271	0	0.674631773727015	0.7209302	0.001265642	17.57781	17.30106	-0.968133464512959
272	0	0.704499219032005	0.7587209	0.001421239	17.73782	17.46049	-1.26607015044239
273	0	0.68735508620739	0.6773256	0.001461371	17.76353	17.46165	-0.933152078079237
274	0	0.727786482777447	0.6366279	0.001273928	17.73638	17.40119	-0.914195666710716
275	0	0.716025232221	0.7587209	0.001159695	17.7559	17.47903	-0.928808864185169
276	0	0.654590777633712	0.6366279	0.001451145	17.5883	17.23633	-0.686837446661755
277	0	0.665589644783177	0.7005814	0.001229673	17.7381	17.47879	-1.22382352918863
278	0	0.723591294162907	0.7151163	0.00103543	17.71344	17.46188	-1.11879090301541
279	0	0.677356294030324	0.6715116	0.001251924	17.60374	17.32156	-0.924858740812527
27	0	0.704868682683445	0.7848837	0.00146828	17.61284	17.35011	-0.655268329282433
280	0	0.723891059984453	0.7034884	0.001386381	17.69401	17.43774	-1.03136854958864
281	0	0.711617058096454	0.7354651	0.0009095054	17.66643	17.35299	-0.913501047968717
282	0	0.745764364139177	0.7151163	0.001285711	17.83446	17.62076	-1.19857284472354
283	0	0.682299637119286	0.6802326	0.001116059	17.58785	17.32476	-0.838882601646083
284	0	0.729294125246815	0.7587209	0.001128716	17.97666	17.74325	-1.69945343808191
285	0	0.719246097723953	0.7616279	0.0007908837	17.79035	17.53973	-0.942114454524773
286	0	0.676386507530697	0.6453488	0.001034421	17.70986	17.41381	-0.684520536487711
287	0	0.734362533828244	0.6976744	0.0009378637	17.89234	17.69478	-1.55035700551389
288	0	0.71580977155827	0.7819767	0.001489629	17.7677	17.46107	-1.02003770262651
289	0	0.695590306934901	0.7180233	0.00153413	17.77116	17.53294	-1.55469257188847
28	0	0.663496967032552	0.7093023	0.0009234331	17.70493	17.38718	-0.877337971808342
290	0	0.684461901173927	0.6889535	0.001467373	17.70078	17.43503	-0.775230064346856
291	0	0.734296723501757	0.7005814	0.0009221501	17.82107	17.53693	-1.19784328891115
292	0	0.7475099633215	0.7674419	0.001488253	17.88517	17.60626	-1.37703012800685
293	0	0.696985142165795	0.8110465	0.001604262	17.71234	17.29689	-1.05177768195051
294	0	0.686994582624175	0.7063953	0.001063458	17.73503	17.45521	-0.874450498507809
295	0	0.680105473985895	0.7151163	0.001262196	17.76708	17.40828	-0.792099009792495
296	0	0.710450103832409	0.6482558	0.00183984	17.71417	17.38788	-0.83474467492765
297	0	0.663119953451678	0.7063953	0.001028669	17.75226	17.43405	-1.11171749512926
298	0	0.717740002693608	0.7209302	0.00102081	17.60849	17.27322	-0.865687937556304
299	0	0.727369080390781	0.744186	0.0005866976	17.81338	17.58484	-1.18394490987094
29	0	0.718779740482569	0.6918605	0.001523137	17.76568	17.52389	-1.50627990388636
2	0	0.657444503414445	0.6453488	0.001351177	17.71519	17.40929	-0.977654704172286
300	0	0.74033554175403	0.8372093	0.0009675456	17.87497	17.61131	-0.862473010318388
301	0	0.722757019870915	0.6366279	0.001279825	17.7559	17.43167	-1.14780172638772
302	0	0.713905635592528	0.7412791	0.001042132	17.74106	17.32541	-0.735597654498883
303	0	0.711368745518848	0.7063953	0.0008468309	17.83238	17.58985	-1.36438879799259
304	0	0.697586945816875	0.6627907	0.001625278	17.78007	17.41186	-0.969321940246996
305	0	0.747094427817501	0.6918605	0.001371043	17.8578	17.51274	-1.00730570064767
306	0	0.666260780533776	0.6802326	0.001943555	17.64102	17.32015	-0.65496228154413
307	0	0.749765051575378	0.7034884	0.001240419	17.92536	17.83156	-1.79704773479307
308	0	0.674449248914607	0.6744186	0.001554567	17.69676	17.33167	-1.13178067091711
309	0	0.697433926234953	0.7412791	0.0008711437	17.85544	17.59905	-1.03949458858897
30	0	0.71807564185001	0.7296512	0.001368531	17.69095	17.38369	-1.23255385258141
310	0	0.713293738779612	0.7761628	0.001595506	17.88213	17.71452	-1.60619552842947
311	0	0.651173579716124	0.6686047	0.0007892306	17.8435	17.55587	-0.9883932033528
312	0	0.721508431062102	0.744186	0.0008852852	17.93461	17.71591	-1.68511238036406
313	0	0.734239652031101	0.7877907	0.001176059	17.84256	17.60251	-1.42660490739501
314	0	0.668948974926025	0.6773256	0.001641366	17.61433	17.20692	-0.824410444247375
315	0	0.726758496882394	0.7005814	0.0009997424	17.96523	17.72742	-1.58518188614149
316	0	0.664211120596156	0.6540698	0.00169989	17.64159	17.29226	-0.987114375800046
317	0	0.724302346771583	0.744186	0.001133036	17.77011	17.43378	-1.1407095550134
318	0	0.721936710597947	0.6947674	0.001007416	17.68935	17.35947	-0.74799338876078
319	0	0.65337664487306	0.7034884	0.001412779	17.54559	17.17564	-0.379375041812666
31	0	0.68873407789506	0.6366279	0.001988848	17.55638	17.24043	-0.529831307286788
320	0	0.699188272189349	0.6366279	0.001086565	17.77409	17.42371	-0.680285037463377
321	0	0.689459410333075	0.6715116	0.001198377	17.7986	17.52224	-1.28811321213243
322	0	0.662762711639516	0.625	0.001101096	17.65077	17.3647	-0.844764779208681
323	0	0.741640913649462	0.7267442	0.001156894	17.89764	17.70054	-1.45855516476507
324	0	0.687841896736063	0.7063953	0.0008441694	17.63813	17.37542	-0.760170532556085
325	0	0.71708403818775	0.7587209	0.001228889	17.81844	17.55563	-1.38123657306686
326	0	0.733491663448513	0.7936047	0.0008930413	17.856	17.60775	-1.59984489288232
327	0	0.684452826343477	0.630814	0.001511359	17.69988	17.30322	-0.7139512032125
328	0	0.722222642111592	0.7034884	0.0010535	17.67059	17.44406	-1.11930493819421
329	0	0.726244201115332	0.7703488	0.001235114	17.70252	17.51081	-1.27782762214386
32	0	0.73475217979867	0.6569767	0.001384754	17.76625	17.47531	-0.980420271086217
330	0	0.744206489645876	0.7703488	0.001438067	17.91821	17.74791	-1.61167916107114
331	0	0.717520950129256	0.755814	0.001022334	17.86109	17.50258	-1.09908725291566
332	0	0.687970803794451	0.6046512	0.001813797	17.77959	17.39439	-0.828578150303378
333	0	0.660872689727694	0.6511628	0.0018858	17.67487	17.33156	-0.758165141315734
334	0	0.681886535906233	0.7093023	0.001463766	17.27948	17.16637	-0.763219659787681
335	0	0.713116263737902	0.7122093	0.001255437	17.76615	17.43196	-0.957915915229277
336	0	0.719003826705739	0.6831395	0.0009627768	17.76389	17.5166	-1.2977171759262
337	0	0.736414432013407	0.747093	0.0007743991	17.87278	17.62611	-1.37579143934185
338	0	0.73149486805778	0.752907	0.0009727526	17.79558	17.59281	-1.29550952132719
339	0	0.722171793971211	0.6598837	0.001148151	17.84606	17.66809	-1.54220433632254
33	0	0.749225771427155	0.7122093	0.0007898197	17.95942	17.71901	-1.73837856473644
340	0	0.660784953739494	0.6656977	0.001106511	17.71234	17.37442	-0.54963211597489
341	0	0.683994748815894	0.6773256	0.001442918	17.61501	17.2932	-0.918643588701915
342	0	0.684301893948577	0.6511628	0.001654333	17.65672	17.35579	-0.897000658029266
343	0	0.740512434137054	0.7267442	0.001654212	17.82487	17.61593	-1.20055324229723
344	0	0.747711220686324	0.7238372	0.001196982	17.68975	17.37212	-0.995132346251813
345	0	0.667582805501297	0.6860465	0.001099956	17.23936	17.12103	-0.591566519097496
346	0	0.71617127188947	0.8459302	0.001108428	17.96932	17.78738	-1.6175236336428
347	0	0.724059029249474	0.6715116	0.001382208	17.80875	17.50176	-0.84712555929805
348	0	0.660684731556103	0.6889535	0.001091461	17.65164	17.30837	-0.678958104246251
349	0	0.689855205104686	0.7005814	0.001765904	17.84811	17.59012	-1.24276885611942
34	0	0.678866714984179	0.7034884	0.001316959	17.79578	17.56012	-1.20260026858344
350	0	0.655876819905825	0.6569767	0.001140108	17.54753	17.12841	-0.58341487085346
351	0	0.693467473611236	0.6482558	0.001595223	17.79017	17.35553	-0.846198796162623
352	0	0.687875458179042	0.6656977	0.001106794	17.72494	17.29714	-0.708927824864574
353	0	0.735105372196995	0.7645349	0.001362138	17.92049	17.67771	-1.6212984934264
354	0	0.651069458457641	0.6686047	0.001540018	17.66286	17.24042	-0.692639653725546
355	0	0.689267603750341	0.7383721	0.001090439	17.60867	17.30137	-0.683907061896
356	0	0.704782887198962	0.7703488	0.0007252563	17.83202	17.68377	-1.44564710983545
357	0	0.730094819352962	0.7325581	0.001149393	17.68061	17.38278	-1.00157146620723
358	0	0.733801524946466	0.7267442	0.0006758265	17.98749	17.66987	-1.60257846797769
359	0	0.742988875764422	0.8052326	0.001365459	17.94966	17.79304	-1.47245678253062
35	0	0.748444367642514	0.7674419	0.00163985	17.8752	17.61736	-1.19334152331588
360	0	0.669487402192317	0.6482558	0.001625548	17.73991	17.45619	-0.624549364728506
361	0	0.749260496883653	0.755814	0.001161139	17.76182	17.44936	-1.08145583731194
362	0	0.691274312348105	0.6802326	0.001202882	17.78512	17.51857	-1.22199060062967
363	0	0.665742112207226	0.630814	0.001473259	17.73825	17.42192	-0.632745223945477
364	0	0.661783026484773	0.7180233	0.001003801	17.79007	17.49481	-1.29885209671797
365	0	0.724660036200657	0.7093023	0.001149757	17.79579	17.50181	-1.32697206745621
366	0	0.685141598130576	0.7093023	0.001561339	17.69011	17.34374	-0.870497641281838
367	0	0.651662734034471	0.6598837	0.001128461	17.59238	17.28468	-0.636716839243961
368	0	0.720492323976941	0.75	0.001291792	17.78815	17.45276	-1.18211553582459
369	0	0.691625572624616	0.6686047	0.0009423338	17.70165	17.34854	-0.825395348985344
36	0	0.684302659402601	0.6744186	0.000861243	17.73291	17.42589	-0.945078356895702
370	0	0.672163238562644	0.6540698	0.001100938	17.52869	17.22421	-0.526673096464686
371	0	0.723789935745299	0.7296512	0.000934862	17.81199	17.54154	-1.30845815146144
372	0	0.708491551410407	0.7209302	0.001347812	17.77839	17.52621	-1.04127320008185
373	0	0.690626192651689	0.6947674	0.001247753	17.63748	17.32582	-0.77001227849694
374	0	0.740093927364796	0.7151163	0.00119824	17.84024	17.57805	-1.34713966969602
375	0	0.690851365192793	0.7122093	0.00132231	17.81978	17.50417	-1.1340162229782
376	0	0.678799109905958	0.6162791	0.001167595	17.60293	17.10842	-0.303014055400442
377	0	0.652727836114354	0.6162791	0.001649346	17.60284	17.28787	-0.750713753926681
378	0	0.742366672051139	0.7674419	0.001077018	17.90842	17.64983	-1.51523917878286
379	0	0.734952411940321	0.7354651	0.0005965918	17.91594	17.64543	-1.36806568474923
37	0	0.709916586708278	0.7761628	0.001160373	17.77819	17.45452	-0.76593486817115
380	0	0.694100331468508	0.6976744	0.0009540345	17.59457	17.26322	-0.956343564030147
381	0	0.725829084357247	0.7994186	0.001337859	17.78355	17.60074	-0.961943103529812
382	0	0.741376681812108	0.7325581	0.001189374	17.88924	17.57796	-1.3172051145421
383	0	0.705915041291155	0.7122093	0.00112347	17.71925	17.30019	-0.842171186448877
384	0	0.667177925491706	0.6104651	0.001490366	17.50565	17.12646	-0.468012730027129
385	0	0.673852441855706	0.6831395	0.001022509	17.66588	17.29184	-0.737541466496835
386	0	0.651295653963462	0.6686047	0.00241222	17.60892	17.26297	-0.763488769501953
387	0	0.711429935204796	0.7325581	0.0006016719	17.72094	17.43	-0.994687864280657
388	0	0.740901961666532	0.7325581	0.0009916025	17.91406	17.69247	-1.43356595396259
389	0	0.726380221778527	0.6889535	0.001079342	17.66459	17.38947	-0.913664761973998
38	0	0.70439791760873	0.6715116	0.001220438	17.80211	17.56633	-1.30981057579162
390	0	0.710568345058709	0.7412791	0.001252149	17.68734	17.40484	-1.0099381869383
391	0	0.707798853446729	0.7151163	0.001104781	17.70925	17.37307	-0.795091871203717
392	0	0.721523947222158	0.7122093	0.001248272	17.90188	17.59314	-1.20488741101633
393	0	0.714965548785403	0.6947674	0.001356757	17.79944	17.48374	-1.09247014789828
394	0	0.679599021561444	0.6976744	0.00142169	17.63186	17.27926	-1.07627634506544
395	0	0.65226924198214	0.6569767	0.001374073	17.63741	17.26496	-0.662400095505109
396	0	0.654332895996049	0.6802326	0.001003296	17.80031	17.39432	-0.712431046040993
397	0	0.745223621395417	0.7761628	0.001014046	17.98409	17.68369	-1.467703615783
398	0	0.683695428143255	0.6860465	0.001811574	17.58783	17.2115	-0.814823233997437
399	0	0.699032846954651	0.744186	0.001002215	17.74663	17.35394	-0.837293131240566
39	0	0.736458742269315	0.8284884	0.001205808	17.98952	17.7622	-1.68833568148049
3	0	0.700193190155551	0.6482558	0.001302434	17.86789	17.58289	-0.969352934781008
400	0	0.700357141741552	0.8139535	0.001631119	17.74301	17.46941	-1.00985521702934
401	0	0.737121649156325	0.6715116	0.001746029	17.76806	17.58767	-1.54133575591192
402	0	0.662330398499034	0.6511628	0.0008318627	17.71379	17.36004	-0.965497958478793
403	0	0.732209294033237	0.7034884	0.0008638291	17.88889	17.55689	-1.36833481475869
404	0	0.733975795889273	0.7238372	0.001024427	17.88015	17.59516	-1.35060520232912
405	0	0.651676184684038	0.630814	0.001355969	17.69429	17.35148	-0.834015497980847
406	0	0.665717987366952	0.6889535	0.0009983585	17.66088	17.34042	-0.840386143790018
407	0	0.714566499949433	0.7063953	0.00135598	17.84648	17.53608	-1.18171290491718
408	0	0.685649837739766	0.7180233	0.001443345	17.68141	17.25562	-0.536778322906364
409	0	0.654017490008846	0.625	0.001454029	17.64221	17.18839	-0.667721616300458
40	0	0.748621231061406	0.7732558	0.001075204	17.77817	17.5655	-1.24471009440241
410	0	0.669945504236966	0.7034884	0.001375991	17.73639	17.42912	-0.743845984953563
411	0	0.711726860329509	0.7645349	0.001886739	17.83978	17.51955	-1.08893185110626
412	0	0.730680573009886	0.7005814	0.001101808	17.85847	17.60369	-1.26312862040377
413	0	0.660074445838109	0.7151163	0.001352317	17.67436	17.29342	-0.75714952729284
414	0	0.720271822740324	0.7238372	0.001092887	17.86432	17.56642	-1.35338440674829
415	0	0.732204712135717	0.7034884	0.0012297	17.78359	17.59682	-1.12786596709571
416	0	0.733379386039451	0.7761628	0.0008387624	17.8012	17.58123	-1.37858622586389
417	0	0.700132714165375	0.7151163	0.0008646012	17.77536	17.54218	-1.03731504680118
418	0	0.667354376311414	0.6511628	0.002367713	17.64985	17.23654	-0.590423142538637
419	0	0.721531064040028	0.7296512	0.001118487	17.82647	17.52002	-1.10608832692864
41	0	0.689059982053004	0.7645349	0.001168946	17.81431	17.48322	-0.941410907724797
420	0	0.659628437040374	0.6947674	0.001436477	17.74494	17.34674	-0.999535586944717
421	0	0.714627145160921	0.7383721	0.001386854	17.79564	17.44988	-1.13139443364903
422	0	0.667734061414376	0.6860465	0.001001121	17.75006	17.42688	-1.02877820021714
423	0	0.709268419584259	0.6598837	0.001170682	17.65286	17.37125	-1.0246244713394
424	0	0.671579226735048	0.7180233	0.000829313	17.66075	17.25266	-0.820237779738748
425	0	0.710724604479037	0.7180233	0.001008354	17.67358	17.40446	-1.03002984820114
426	0	0.692644058633596	0.6540698	0.00125744	17.67608	17.25761	-0.985730965902467
427	0	0.689203800540417	0.7151163	0.001527457	17.46152	17.19443	-0.654815164260434
428	0	0.694423579191789	0.6976744	0.001301365	17.77632	17.44833	-1.13208093430249
429	0	0.688578855805099	0.6540698	0.001414092	17.75901	17.33553	-0.712194779588792
42	0	0.653587026218884	0.6133721	0.001338977	17.62088	17.34775	-0.580700931814517
430	0	0.66307022520341	0.6773256	0.0009953318	17.83237	17.57543	-1.05587383922683
431	0	0.680914842546917	0.6656977	0.0008558885	17.60173	17.23872	-0.646751862081794
432	0	0.707547579240054	0.7412791	0.001031642	17.96525	17.72992	-1.42450437414443
433	0	0.672997118299827	0.6715116	0.00165058	17.76086	17.43607	-1.15951180187532
434	0	0.713596337521449	0.7790698	0.001152516	17.85513	17.66399	-1.25353638546473
435	0	0.690407907543704	0.7122093	0.0007768372	17.86233	17.56944	-1.38095362713247
436	0	0.688784774509259	0.6540698	0.001443764	17.71587	17.53012	-1.08362036931714
437	0	0.659860743465833	0.7093023	0.001873049	17.73646	17.44081	-1.11314063031585
438	0	0.744520411198027	0.7354651	0.0008081688	17.84179	17.64181	-1.03867721732155
439	0	0.661446720152162	0.7034884	0.001297072	17.70834	17.37699	-0.924576276095835
43	0	0.667925335676409	0.6831395	0.001506368	17.70759	17.38757	-0.725720275006702
440	0	0.747758474829607	0.7645349	0.001101571	17.91258	17.71492	-1.32138019849975
441	0	0.725732830748893	0.7761628	0.001284416	17.82946	17.53309	-1.0335429535151
442	0	0.735118835652247	0.7325581	0.0007336015	17.82979	17.61918	-1.43973674641779
443	0	0.711339321197011	0.7180233	0.001079687	17.85362	17.63172	-1.40273461701218
444	0	0.696248383377679	0.7645349	0.0006910089	17.78412	17.47389	-1.10190243490497
445	0	0.663206521444954	0.6598837	0.001149651	17.63769	17.30819	-0.985733529478362
446	0	0.684958402835764	0.6540698	0.001339276	17.6755	17.29192	-0.598594110814373
447	0	0.700319012603723	0.7616279	0.001164227	17.74199	17.50704	-1.31324558828191
448	0	0.737751087942161	0.7877907	0.00126926	17.83992	17.63052	-1.51909428011522
449	0	0.665559379686602	0.5930233	0.002238789	17.27407	17.14937	-0.568518235229505
44	0	0.707994454074651	0.7732558	0.0007899374	17.87629	17.41692	-1.0714072235439
450	0	0.717137952148914	0.7034884	0.001287878	17.77272	17.47824	-1.01878960212979
451	0	0.662153451656923	0.7180233	0.001201003	17.67152	17.34539	-0.849914998621221
452	0	0.681063879327849	0.6831395	0.001357279	17.7031	17.36862	-0.888231508896668
453	0	0.744599990989082	0.8052326	0.001404951	17.95922	17.71027	-1.79115412123383
454	0	0.73644802251365	0.7063953	0.001070848	17.88835	17.65724	-1.57229207170252
455	0	0.730659951199777	0.747093	0.001323577	17.94148	17.59923	-1.16426157056847
456	0	0.731526502291672	0.7325581	0.001772943	17.69567	17.41873	-0.720114808655337
457	0	0.694692978658713	0.6860465	0.001977026	17.72883	17.40837	-1.05897431182019
458	0	0.690572325862013	0.630814	0.001265848	17.64889	17.32521	-0.900863798869724
459	0	0.745057698665187	0.7790698	0.0009895042	17.97223	17.71544	-1.3889346326706
45	0	0.719442467833869	0.6802326	0.001412207	17.56594	17.30863	-0.885347124594606
460	0	0.718919412698597	0.6395349	0.001375984	17.73064	17.41672	-1.04264662556197
461	0	0.735761844785884	0.7122093	0.001554053	17.7662	17.52805	-0.88711612900009
462	0	0.729422933398746	0.7063953	0.001158294	17.75431	17.4889	-1.01759096141673
463	0	0.672567583085038	0.6831395	0.0008900871	17.6702	17.39508	-0.989875210770896
464	0	0.715297364769503	0.7325581	0.001270281	17.7807	17.46883	-0.698426875803322
465	0	0.681652092258446	0.7063953	0.0009799663	17.78203	17.39365	-1.25643949078969
466	0	0.671687022945844	0.6482558	0.001145523	17.67089	17.31355	-0.748491192732143
467	0	0.669804690196179	0.744186	0.001143039	17.8347	17.48714	-1.0794631222734
468	0	0.749558252072893	0.7209302	0.000702159	17.77108	17.49794	-1.09674367523722
469	0	0.747985023562796	0.7151163	0.001427729	17.91606	17.69835	-1.45730736314877
46	0	0.659925915976055	0.6802326	0.001077909	17.60332	17.1739	-0.717771640398518
470	0	0.726942501054145	0.7936047	0.001098419	17.94464	17.67853	-1.21800393206446
471	0	0.667224814882502	0.5930233	0.001188065	17.64901	17.1664	-0.646200656136798
472	0	0.731426847819239	0.7267442	0.001781865	17.85509	17.68379	-1.46190664715424
473	0	0.666369600407779	0.6424419	0.00128126	17.59119	17.16538	-0.818249234345117
474	0	0.695041536027566	0.6744186	0.001398186	17.8252	17.52877	-1.03845682271746
475	0	0.657081782678142	0.6598837	0.001492363	17.80178	17.49867	-0.919969312512544
476	0	0.725084203341976	0.7761628	0.001262003	17.75992	17.47062	-0.668010163790102
477	0	0.669757357635535	0.6889535	0.001387754	17.66623	17.28885	-0.902095213998566
478	0	0.666918265074491	0.6598837	0.001717264	17.71363	17.26626	-0.843781246128566
479	0	0.731678862171248	0.7819767	0.0007298488	17.86499	17.57925	-1.40525336562282
47	0	0.676204435550608	0.6773256	0.0009650442	17.73085	17.34318	-0.815154507344219
480	0	0.668290490633808	0.7383721	0.001185654	17.77076	17.59792	-1.28711398413123
481	0	0.651266912720166	0.6337209	0.001078274	17.09564	17.03489	-0.391178513662121
482	0	0.69201279792469	0.6802326	0.00146464	17.60599	17.30187	-0.935848112074739
483	0	0.745773321622983	0.747093	0.0005640246	17.90591	17.63686	-1.13642548356946
484	0	0.714119178429246	0.6104651	0.001074604	17.6745	17.30566	-0.578957987943275
485	0	0.734380498202518	0.752907	0.001241351	17.84114	17.57906	-1.10123532769559
486	0	0.739142519095913	0.7412791	0.0005351868	17.79505	17.53858	-1.01990225318314
487	0	0.711199296219274	0.75	0.00154914	17.7068	17.4068	-0.579326579964006
488	0	0.678504479234107	0.6889535	0.001076921	17.65252	17.40192	-0.967008305168789
489	0	0.650421596341766	0.630814	0.001613967	17.53701	17.14281	-0.546273141556925
48	0	0.683002204354852	0.6715116	0.001253487	17.82888	17.50271	-1.03950748809487
490	0	0.705137973325327	0.7209302	0.0007659237	17.83068	17.53406	-1.25172010268107
491	0	0.685864962381311	0.7296512	0.001244319	17.62555	17.22769	-0.628580170030547
492	0	0.716552034858614	0.7180233	0.0007877327	17.83145	17.61737	-1.36362713605972
493	0	0.680758334114216	0.6598837	0.0007000396	17.65266	17.34025	-0.566275133226903
494	0	0.722706334944814	0.6976744	0.001499913	17.8383	17.66801	-1.25018700123742
495	0	0.657095250301063	0.6860465	0.001478641	17.63948	17.38708	-0.674682001529016
496	0	0.685118550225161	0.627907	0.001124102	17.83408	17.55489	-1.1353738524528
497	0	0.723848628811538	0.6395349	0.001022395	17.84416	17.53882	-1.23556848589783
498	0	0.66591283956077	0.6686047	0.001090265	17.68173	17.36571	-1.06035988849227
499	0	0.694647668185644	0.6104651	0.00143702	17.61873	17.28246	-0.77787020813642
49	0	0.656665341928601	0.6017442	0.001334954	17.72195	17.42728	-0.95211957480204
4	0	0.67480773574207	0.6802326	0.001782123	17.76864	17.43419	-0.813129915730291
500	0	0.724258472421207	0.6569767	0.001044517	17.79272	17.53687	-1.12033385981952
501	0	0.727477520052344	0.7587209	0.0007573042	17.99544	17.7529	-1.70432062454866
502	0	0.658352832379751	0.6046512	0.001353657	17.55297	17.19625	-0.72142751484253
503	0	0.66353139616549	0.6976744	0.001465973	17.75848	17.46605	-0.910773277825453
504	0	0.745745790051296	0.744186	0.001110844	18.00159	17.75893	-1.55847223129794
505	0	0.741339368908666	0.7034884	0.002037469	17.85269	17.54929	-1.16176979302931
506	0	0.684648683713749	0.6831395	0.001748679	17.6999	17.31026	-0.584581373343463
507	0	0.653236391977407	0.7180233	0.0009334179	17.69371	17.40325	-0.728519985734555
508	0	0.721504227328114	0.6889535	0.001283329	17.72173	17.37422	-0.78178954217522
509	0	0.67089179023169	0.5872093	0.0009481647	17.33029	17.15229	-0.586308500750178
50	0	0.710863423533738	0.6598837	0.00139509	17.76863	17.46425	-1.04869812422383
510	0	0.720222662156448	0.755814	0.0008495805	17.81163	17.59727	-0.965078828765838
511	0	0.663798698526807	0.6715116	0.001447058	17.52138	17.16749	-0.431302719737338
512	0	0.663322045397945	0.6511628	0.001004405	17.65445	17.21094	-0.590701756037441
513	0	0.704926286987029	0.7063953	0.001574296	17.6846	17.41875	-0.725655178466956
514	0	0.70978763231542	0.744186	0.001537882	17.83473	17.59566	-1.30733776659185
515	0	0.72882472500205	0.755814	0.001259212	17.69166	17.34435	-0.872151492917732
516	0	0.671194906858727	0.6366279	0.001515296	17.16723	17.07757	-0.325064093799712
517	0	0.653724554018117	0.619186	0.001598939	17.52706	17.22343	-0.656312205518459
518	0	0.666714020306244	0.6366279	0.001137813	17.8386	17.63215	-0.980204940064938
519	0	0.673510065744631	0.6569767	0.001680152	17.74207	17.41734	-0.80760807564193
51	0	0.685719804372638	0.7209302	0.001334415	17.73964	17.4151	-0.955734233643012
520	0	0.674828824866563	0.7209302	0.001508015	17.69956	17.40769	-0.837897504995601
521	0	0.66829012085218	0.7209302	0.000708113	17.78242	17.52839	-1.0180145725783
522	0	0.663778919028118	0.7616279	0.00144407	17.61941	17.30074	-0.737481698247658
523	0	0.733846272551455	0.7645349	0.00142842	17.77041	17.5016	-0.92931541592823
524	0	0.704254351858981	0.6075581	0.001340421	17.70004	17.45784	-0.969263626595137
525	0	0.740592830814421	0.6686047	0.001117904	18.1161	17.83955	-1.94111368025341
526	0	0.670037812273949	0.7093023	0.00129743	17.49351	17.23323	-0.74508044706222
527	0	0.730402984796092	0.7732558	0.0007508361	17.84319	17.55086	-1.15504802670867
528	0	0.650288205384277	0.6162791	0.0009865332	17.51715	17.19372	-0.748188108075291
529	0	0.654501154483296	0.6395349	0.001774231	17.72144	17.41109	-0.690034985647107
52	0	0.677470330428332	0.6627907	0.00127471	17.62118	17.14184	-0.617309379518238
530	0	0.73641499413643	0.7645349	0.0009427368	17.73047	17.35793	-0.924575236818663
531	0	0.678257956099697	0.6744186	0.000624919	17.70632	17.36198	-0.708197692058923
532	0	0.738056148658507	0.7005814	0.001990742	17.77366	17.52457	-1.03041688255039
533	0	0.708833947917446	0.6889535	0.0008678449	17.79527	17.5965	-1.25574742680925
534	0	0.733705722796731	0.7383721	0.0008952654	17.67348	17.33354	-0.952117897483056
535	0	0.71604630255606	0.6656977	0.001053003	17.75659	17.41192	-0.937496538604909
536	0	0.671689300006255	0.6424419	0.00100819	17.62166	17.27186	-0.940517322356093
537	0	0.73983811091166	0.7703488	0.001636647	17.75026	17.32129	-0.967505232477372
538	0	0.714952179836109	0.7034884	0.0007890794	17.78881	17.49653	-0.574642390927212
539	0	0.709135948773474	0.7151163	0.001051933	17.81802	17.51156	-0.951054223761729
53	0	0.714609498344362	0.622093	0.001068383	17.77265	17.40581	-0.975587716597313
540	0	0.688593651168048	0.6947674	0.001793156	17.71232	17.3734	-0.768578718128684
541	0	0.680382632114925	0.7354651	0.00134873	17.74214	17.42476	-0.880301557607253
542	0	0.712649839371443	0.6715116	0.0009141223	17.86442	17.57399	-1.54731888912881
543	0	0.730040205828846	0.7238372	0.001042684	17.80794	17.44691	-0.955933387724647
544	0	0.712579589057714	0.7005814	0.001590449	17.73445	17.4364	-1.03841899237702
545	0	0.654996487498283	0.6744186	0.001419252	17.68317	17.39033	-0.683256119551824
546	0	0.696606963197701	0.7412791	0.0007757095	17.79027	17.4848	-0.979615268220937
547	0	0.708632239373401	0.7296512	0.00124694	17.79844	17.58207	-1.20057063777853
548	0	0.6505565950647	0.6453488	0.001340262	17.70696	17.42638	-0.795069947513935
549	0	0.725391634646803	0.7325581	0.0007102963	17.79197	17.57652	-1.29208441932041
54	0	0.749549184343778	0.7936047	0.001248599	17.87743	17.58887	-1.48317387411527
550	0	0.674651620839723	0.6773256	0.001001731	17.7257	17.31452	-0.707634008633134
551	0	0.744060062291101	0.7703488	0.0009307456	18.00189	17.81349	-1.6901299628817
552	0	0.713705715467222	0.7093023	0.001283451	17.69486	17.34933	-0.72794643455085
553	0	0.725767777767032	0.7616279	0.001211606	17.76237	17.43059	-0.861690336217996
554	0	0.720599452918395	0.6947674	0.001161334	17.78348	17.58616	-1.38379175880419
555	0	0.664051860850304	0.627907	0.001139487	17.8323	17.53525	-1.02904454675693
556	0	0.724359237402677	0.752907	0.000881362	17.72073	17.4514	-1.09597663832477
557	0	0.653708177316003	0.5872093	0.001975295	17.56636	17.06239	-0.619223602764224
558	0	0.67336295992136	0.7034884	0.0007782568	17.68088	17.42175	-1.03301428948494
559	0	0.709671001601964	0.7180233	0.001065791	17.68974	17.45763	-0.906283129423739
55	0	0.651559749548324	0.5843023	0.0009899886	17.66079	17.33746	-0.888120261240013
560	0	0.684107387042604	0.6569767	0.001095736	17.74146	17.47966	-1.00915063747643
561	0	0.692623422085308	0.6656977	0.001128229	17.80869	17.52904	-1.09491360591762
562	0	0.673878890275955	0.6627907	0.0008603198	17.67516	17.40188	-0.962208654968842
563	0	0.674731393205002	0.7790698	0.0008688286	17.67945	17.36915	-0.896556782288111
564	0	0.722355532064103	0.7383721	0.001072904	17.75511	17.48977	-1.09470985591018
565	0	0.650831838184968	0.6773256	0.001369992	17.58826	17.14705	-0.455131571217777
566	0	0.738078243867494	0.7151163	0.0009791482	17.82334	17.53861	-0.991106662257933
567	0	0.694014121941291	0.6773256	0.001868476	17.70236	17.32462	-0.606118626239294
568	0	0.662425870075822	0.5901163	0.0008678708	17.58523	17.18157	-0.635305020514597
569	0	0.655563031020574	0.6511628	0.001339919	17.12538	17.07476	-0.886331072040867
56	0	0.652487602084875	0.6976744	0.001337294	17.68514	17.26391	-0.578586797778499
570	0	0.675547727989033	0.6715116	0.001114922	17.81817	17.58093	-0.898193176466037
571	0	0.690221925009973	0.5668605	0.001392614	17.68572	17.29989	-0.875261971929604
572	0	0.717989428970031	0.6860465	0.001218092	17.81705	17.49471	-0.877905867168063
573	0	0.666610033810139	0.6744186	0.001522769	17.63694	17.27609	-0.978546675616721
574	0	0.749456421262585	0.6482558	0.001319691	17.79446	17.49981	-1.13494741082916
575	0	0.665640239790082	0.6627907	0.001742374	17.50504	17.23578	-0.596012306256541
576	0	0.736034456454217	0.7819767	0.0008057319	17.92771	17.6894	-1.47313876580012
577	0	0.680367107572965	0.7005814	0.001060671	17.75927	17.42627	-0.812412570726941
578	0	0.729850770742632	0.7034884	0.001033335	17.769	17.45601	-1.02496934436795
579	0	0.726584534510039	0.6976744	0.001022451	17.84569	17.57686	-1.51140882359578
57	0	0.662147551449016	0.6860465	0.0008871924	17.56438	17.32847	-0.6023208189927
580	0	0.732456437079236	0.7761628	0.001050273	17.9221	17.61058	-1.25446614978628
581	0	0.655434367689304	0.630814	0.001072057	17.83256	17.47403	-0.928902205501157
582	0	0.705072687100619	0.7122093	0.0006846651	17.86204	17.60314	-1.3565351733297
583	0	0.711362209473737	0.7354651	0.0008680285	17.8363	17.59248	-1.34339338647657
584	0	0.66972087721806	0.7122093	0.0017211	17.46849	17.17336	-0.900676478224513
585	0	0.74873686961364	0.744186	0.0007635658	17.81241	17.48539	-0.725035149207379
586	0	0.690785756800324	0.6540698	0.00103825	17.65533	17.27611	-0.542549190053908
587	0	0.712799223745242	0.6598837	0.001950219	17.79186	17.49522	-0.95017591755282
588	0	0.714351824461482	0.6773256	0.00132321	17.90774	17.57303	-1.51673883588233
589	0	0.706179551687092	0.7412791	0.001088609	17.85896	17.62055	-1.23818162134639
58	0	0.720851680147462	0.6947674	0.0007743145	17.68588	17.44302	-0.880796409229102
590	0	0.664011605083942	0.6337209	0.001593153	17.60126	17.29636	-0.70705842642721
591	0	0.707292968267575	0.7906977	0.001292054	17.77691	17.45532	-1.00143617363759
592	0	0.725560162286274	0.8110465	0.00116492	17.89355	17.68385	-1.51506975697702
593	0	0.652113064262085	0.6424419	0.001539875	17.53632	17.19456	-0.655930474297992
594	0	0.707158656721003	0.6860465	0.0008619892	17.78353	17.53471	-1.26799232059612
595	0	0.696642913925462	0.7180233	0.0007622105	17.89582	17.62133	-0.779704910693727
596	0	0.735672252695076	0.7005814	0.001352677	17.73806	17.48016	-0.947615906341312
597	0	0.653195857978426	0.6366279	0.001202732	17.57934	17.14269	-0.222133687664245
598	0	0.657960649835877	0.6686047	0.001337974	17.54236	17.19287	-0.681774588623859
599	0	0.696576034533791	0.6773256	0.001007086	17.79909	17.60673	-0.844809641373885
59	0	0.669366180896759	0.7383721	0.001399864	17.74918	17.43551	-0.702158300059222
5	0	0.665732547338121	0.5610465	0.00167817	17.51065	17.16943	-0.436146588381853
600	0	0.736394334607758	0.6947674	0.001368442	17.77696	17.38786	-1.13895459379263
601	0	0.666960162157193	0.7383721	0.001423585	17.70568	17.45637	-0.586566716151286
602	0	0.65835164822638	0.6802326	0.001836884	17.70486	17.45471	-1.2923164686162
603	0	0.693657150142826	0.6889535	0.001234433	17.71492	17.3658	-0.718785437476248
604	0	0.663262384128757	0.7383721	0.002151365	17.59121	17.33382	-0.979773680986071
605	0	0.720732662221417	0.7296512	0.0009455632	17.77972	17.48159	-1.43130016409036
606	0	0.669507229956798	0.7296512	0.001862676	17.6928	17.3747	-1.17080228366929
607	0	0.742649449012242	0.6773256	0.00148068	17.71351	17.51502	-0.893128303586548
608	0	0.723504131496884	0.7325581	0.001105115	17.75096	17.44976	-1.29309867375504
609	0	0.715824741590768	0.6104651	0.001274433	17.64428	17.32167	-0.907940558254928
60	0	0.65460035414435	0.6133721	0.001494177	17.49818	17.16609	-0.474542969685752
610	0	0.697344437777065	0.6744186	0.001435209	17.71587	17.41786	-1.06297342244713
611	0	0.662572675431147	0.6656977	0.001253142	17.67854	17.28192	-0.563534242467198
612	0	0.664804851496592	0.6802326	0.001043677	17.54946	17.21199	-0.635261299395408
613	0	0.677703646244481	0.6569767	0.001207683	17.65381	17.427	-0.857809997976738
614	0	0.660338831902482	0.6337209	0.001362107	17.67457	17.36228	-0.800033805296776
615	0	0.690387934702449	0.7005814	0.001454112	17.77734	17.52396	-0.834752678662829
616	0	0.691934766061604	0.744186	0.0009216362	17.68212	17.33224	-0.773962514489391
617	0	0.720723534189165	0.6424419	0.0009880932	17.74397	17.38524	-0.992434279327385
618	0	0.714878322114237	0.7587209	0.0009667904	17.8756	17.71325	-1.61465688177467
619	0	0.661306503135711	0.6686047	0.001292264	17.74503	17.38384	-0.866390842659926
61	0	0.663109691138379	0.6947674	0.00106027	17.67365	17.35034	-0.856903531068805
620	0	0.677657270524651	0.6889535	0.0009644153	17.72599	17.46917	-1.13733039621553
621	0	0.718438513856381	0.7790698	0.0009558867	17.76267	17.49305	-1.05743636144459
622	0	0.709940007422119	0.744186	0.0008164751	17.89793	17.64567	-1.40176258721863
623	0	0.748148543783464	0.8255814	0.001236896	18.00683	17.78712	-1.80324259504303
624	0	0.694096618914045	0.7209302	0.001026347	17.88183	17.64739	-1.30597011044773
625	0	0.729293229733594	0.7122093	0.001020277	17.82239	17.53753	-1.12295945022458
626	0	0.745037706312723	0.7412791	0.000918748	17.84814	17.64382	-1.38151180679371
627	0	0.694671182380989	0.6976744	0.0009780831	17.67984	17.30776	-0.966687667667538
628	0	0.696960481186397	0.6569767	0.001085264	17.7827	17.45597	-0.726156842060504
629	0	0.691344283171929	0.7063953	0.0009198677	17.75446	17.40906	-0.908301875102743
62	0	0.745796379609965	0.8197674	0.001354317	17.91626	17.6716	-1.12111230351675
630	0	0.733915901160799	0.7238372	0.001257743	17.93447	17.7189	-1.69425718211077
631	0	0.678134175785817	0.5988372	0.00176602	17.3487	17.15858	-0.606415533314324
632	0	0.69730809382163	0.6802326	0.000942289	17.74053	17.42201	-0.671997818715825
633	0	0.742850401625037	0.6831395	0.0006835296	17.83979	17.53811	-1.25185036637744
634	0	0.67523854074534	0.6598837	0.001218604	17.54107	17.1806	-0.569853226437348
635	0	0.729666709154844	0.7325581	0.001144077	17.86744	17.68473	-1.53951267619635
636	0	0.734866646514274	0.7994186	0.0006698535	17.92492	17.69383	-1.52110283154997
637	0	0.66416391946841	0.6511628	0.001476393	17.68845	17.35429	-0.854172398856483
638	0	0.707410961925052	0.6860465	0.001556251	17.7552	17.46349	-1.02611996236333
639	0	0.734291553637013	0.7209302	0.000709129	17.72468	17.48067	-0.972644754396623
63	0	0.74017103696242	0.7238372	0.0008677151	17.91646	17.52546	-1.01233433511795
640	0	0.689417395973578	0.6598837	0.001185653	17.71584	17.35836	-0.718823796475635
641	0	0.698674101149663	0.7034884	0.001585161	17.82218	17.48609	-0.909151410687322
642	0	0.679809054802172	0.6395349	0.001258307	17.72646	17.41639	-0.921536029842011
643	0	0.70985492807813	0.6686047	0.001557122	17.56695	17.22658	-0.79553173628646
644	0	0.662733082426712	0.6511628	0.001491296	17.42359	17.30463	-0.789128969893829
645	0	0.664109342428856	0.6627907	0.0013133	17.51048	17.14301	-0.585882197921998
646	0	0.69863513505552	0.6656977	0.001036568	17.62297	17.3124	-0.703429502239384
647	0	0.69886309672147	0.7412791	0.001081213	17.86665	17.63398	-1.27484669646918
648	0	0.673024316621013	0.622093	0.001680244	17.59406	17.23883	-0.778794942321033
649	0	0.71346901410725	0.6976744	0.000934788	17.81459	17.44708	-1.08710208628621
64	0	0.740872591757216	0.6802326	0.001262493	17.82462	17.54127	-1.05259688901275
650	0	0.685509036364965	0.6860465	0.0008246564	17.74671	17.45716	-0.927641851899938
651	0	0.730639624479227	0.8023256	0.0009052888	17.99267	17.71982	-1.41913205048445
652	0	0.699572411016561	0.6831395	0.00126187	17.68805	17.33277	-0.528698436825786
653	0	0.66256821246352	0.6104651	0.001528842	17.73402	17.41935	-0.725049788695357
654	0	0.71875722578261	0.6831395	0.001268432	17.9025	17.56176	-0.961051886706059
655	0	0.706019510840997	0.6889535	0.001209597	17.71811	17.38528	-0.718777088516648
656	0	0.737499098619446	0.7790698	0.001104203	17.87337	17.73208	-1.55059739445073
657	0	0.742695720074698	0.7616279	0.001439221	17.88061	17.66789	-1.52270964447008
658	0	0.708860692055896	0.7093023	0.0008915242	17.82532	17.61739	-1.39980572960769
659	0	0.652105504926294	0.6831395	0.001360801	17.63479	17.23944	-0.560286221366426
65	0	0.66560466135852	0.6453488	0.00132368	17.6382	17.2237	-0.74313423886205
660	0	0.715641720592976	0.6918605	0.0008270327	17.72739	17.32823	-1.06676490372587
661	0	0.726420424692333	0.6656977	0.0007485744	17.77034	17.38599	-1.02321615610173
662	0	0.696285767457448	0.7151163	0.001261079	17.33634	17.1796	-0.807974693598284
663	0	0.723992476752028	0.7238372	0.0009500341	17.83887	17.62502	-1.3544542105161
664	0	0.720077487104572	0.7267442	0.001330312	17.93681	17.62824	-1.53684209811227
665	0	0.684376144316047	0.6947674	0.001996732	17.68721	17.41937	-0.840357200445659
666	0	0.72529383210931	0.7209302	0.001427606	17.69215	17.43983	-1.07325345707662
667	0	0.65758781558834	0.6453488	0.002051064	17.32986	17.22143	-0.762849612415407
668	0	0.674441142636351	0.6686047	0.001068859	17.72843	17.40651	-1.04632451461135
669	0	0.720659198891372	0.7703488	0.0008230412	17.89288	17.68705	-1.48224808755244
66	0	0.719654532964341	0.747093	0.00112906	17.96448	17.76794	-1.97480479932076
670	0	0.660832346510142	0.6511628	0.00116881	17.59538	17.20887	-0.325825367227345
671	0	0.7383755951887	0.7093023	0.001544857	17.83036	17.56489	-1.29737398114217
672	0	0.732586664194241	0.7848837	0.001285295	17.95	17.76071	-1.37080613665014
673	0	0.667103799758479	0.619186	0.001410229	17.73842	17.41707	-0.639356335792964
674	0	0.728355097700842	0.6831395	0.001425427	17.81408	17.53311	-1.0461983500144
675	0	0.692065927013755	0.6744186	0.001115368	17.69198	17.27909	-0.943268965342094
676	0	0.703759045479819	0.7122093	0.001430409	17.62695	17.24505	-0.585822322769788
677	0	0.665490383747965	0.627907	0.001728968	17.76474	17.43519	-0.646608181188597
678	0	0.702483435929753	0.7151163	0.001207205	17.67351	17.36349	-0.905687629650956
679	0	0.714659303240478	0.744186	0.0009773519	17.73559	17.39219	-1.14288237305106
67	0	0.714647661033087	0.7209302	0.000923916	17.86538	17.55981	-1.01061664949676
680	0	0.65321940255817	0.6918605	0.001019995	17.7297	17.36738	-1.06710382960326
681	0	0.654488157830201	0.6860465	0.00129567	17.80668	17.46584	-0.970282651515082
682	0	0.652518892567605	0.6773256	0.001427161	17.56923	17.2124	-0.590997917779927
683	0	0.694394288701005	0.6598837	0.001179994	17.69894	17.34403	-0.727357681803633
684	0	0.715945623349398	0.6511628	0.00114162	17.70784	17.42894	-1.009265748453
685	0	0.745113349030726	0.7703488	0.001282177	17.9203	17.63286	-1.55315352389654
686	0	0.741489034984261	0.7209302	0.0009896884	18.04874	17.7874	-1.5358163625622
687	0	0.653426916804165	0.7063953	0.001579024	17.58404	17.23019	-0.762226377418891
688	0	0.659981957310811	0.7180233	0.0014363	17.83686	17.50866	-1.11971791750511
689	0	0.695622270810418	0.7354651	0.00162422	17.83379	17.54962	-1.14137248566285
68	0	0.698269751830958	0.6744186	0.0009757736	17.68375	17.42746	-0.866320234621127
690	0	0.703618388669565	0.6773256	0.001308418	17.91793	17.66626	-1.54119998138715
691	0	0.710003642877564	0.75	0.00104038	17.73149	17.42586	-0.689386669556802
692	0	0.668438388686627	0.6976744	0.001136138	17.64908	17.30656	-0.972379468280146
693	0	0.657562233367935	0.6715116	0.001222809	17.60189	17.24222	-0.706236220274273
694	0	0.678147632139735	0.7645349	0.001102406	17.4457	17.19846	-0.781994312817881
695	0	0.665585277718492	0.6947674	0.001519145	17.7601	17.42981	-0.789939581115774
696	0	0.73507389749866	0.6947674	0.001280439	17.87339	17.60621	-1.09948387323124
697	0	0.730949979717843	0.7412791	0.001519315	17.70976	17.34839	-0.805806345040723
698	0	0.66219516301062	0.6715116	0.001394337	17.69983	17.38209	-0.840971281866222
699	0	0.718333213822916	0.6627907	0.001392101	17.61206	17.30221	-0.72074646660781
69	0	0.722101930179633	0.6540698	0.001709781	17.52168	17.2388	-0.780132280652595
6	0	0.717840043758042	0.7005814	0.001225491	17.76113	17.39444	-1.1624088752635
700	0	0.720458955434151	0.7151163	0.001104062	17.70264	17.41066	-0.997234233095564
701	0	0.68944372527767	0.6656977	0.0008224165	17.51531	17.30137	-0.96212592145229
702	0	0.668792166979983	0.7063953	0.001771458	17.81101	17.53982	-1.18095310947484
703	0	0.699598011071794	0.6802326	0.001404	17.68991	17.24227	-0.543338459514925
704	0	0.658199591259472	0.6482558	0.001265855	17.5359	17.08264	-0.537105831733362
705	0	0.680694490391761	0.6366279	0.001344348	17.70323	17.42712	-1.15040984119777
706	0	0.698015796602704	0.7703488	0.001021529	17.80303	17.48905	-1.16289434714081
707	0	0.71927768655587	0.7616279	0.0008813052	17.76834	17.47937	-0.998389765280348
708	0	0.654866434680298	0.6162791	0.001011385	17.28945	17.12329	-0.66213339850862
709	0	0.652607700647786	0.5552326	0.001410674	17.41998	17.15133	-0.615046319067997
70	0	0.691740172659047	0.7151163	0.00107607	17.74526	17.46903	-0.883050478599039
710	0	0.692588308895938	0.6831395	0.001760517	17.56641	17.22919	-0.769242975720574
711	0	0.663597362115979	0.6831395	0.001347808	17.66035	17.26256	-0.729095159346773
712	0	0.727080795168877	0.7906977	0.00152638	17.817	17.46664	-0.923355197096978
713	0	0.65676204408519	0.6569767	0.001123901	17.63711	17.31364	-0.769813482242143
714	0	0.719009241973981	0.7296512	0.001897138	17.8049	17.53875	-1.29846439909018
715	0	0.731610612827353	0.6511628	0.001014841	17.81423	17.57622	-1.18651987692779
716	0	0.722397244861349	0.7122093	0.001368198	17.78496	17.51631	-0.998032062401513
717	0	0.66165300081484	0.6627907	0.001773208	17.53163	17.15402	-0.711466907735046
718	0	0.68566631032154	0.6889535	0.001337297	17.73295	17.43831	-1.00744883464423
719	0	0.667415040638298	0.6598837	0.001402135	17.61155	17.28515	-0.706603390956059
71	0	0.744619436515495	0.7936047	0.0006411733	18.1131	17.88534	-1.87971898031175
720	0	0.728100164444186	0.6860465	0.0008286458	17.7748	17.50346	-0.865424236288088
721	0	0.712211771006696	0.75	0.00173454	17.84373	17.55364	-1.43005517594139
722	0	0.700968371564522	0.6366279	0.002287805	17.69791	17.40708	-1.33854555302748
723	0	0.676040111645125	0.7209302	0.001402083	17.77467	17.50912	-1.33329698699766
724	0	0.737571008293889	0.7703488	0.0009407573	17.93798	17.64556	-1.42397303418059
725	0	0.726382926525548	0.7296512	0.001946171	17.80675	17.51864	-1.12654247975187
726	0	0.72496375462506	0.6976744	0.000832417	17.75325	17.47822	-0.974405395114488
727	0	0.669449499831535	0.6482558	0.001090635	17.64591	17.31239	-0.913168721288987
728	0	0.731510863197036	0.7616279	0.001162886	17.82116	17.49754	-1.0184714669847
729	0	0.740207444922999	0.747093	0.001521472	17.86727	17.62837	-1.39836072116707
72	0	0.732466560206376	0.744186	0.001075295	17.92446	17.62066	-1.5548057458362
730	0	0.745628023170866	0.6744186	0.001136007	17.80405	17.55483	-1.09350469051571
731	0	0.671507177501917	0.7151163	0.001528979	17.58218	17.26159	-0.771026789431085
732	0	0.725027113035321	0.6744186	0.001193864	17.94278	17.75849	-1.66649711937947
733	0	0.650308614200912	0.5959302	0.001407926	17.60526	17.2033	-0.667307421090439
734	0	0.727741137077101	0.7325581	0.0008327412	17.7643	17.51373	-1.21563229059019
735	0	0.669736303784885	0.744186	0.001367052	17.87007	17.57985	-1.56584481842585
736	0	0.674490153021179	0.6947674	0.001270037	17.79895	17.48346	-1.01390477731398
737	0	0.655850314092822	0.7093023	0.001088063	17.7563	17.52397	-0.915147423200352
738	0	0.701940751122311	0.7267442	0.0008058601	17.77237	17.46576	-1.09370298454477
739	0	0.703006089967676	0.622093	0.001841574	17.58803	17.24781	-0.614417548356722
73	0	0.664326795050874	0.6598837	0.001012826	17.7574	17.46666	-0.815578019033977
740	0	0.654445436084643	0.622093	0.001275551	17.5627	17.22287	-0.399267854759653
741	0	0.732882736064494	0.744186	0.0007179384	17.79895	17.49647	-1.09638356257624
742	0	0.670100702554919	0.6075581	0.00122503	17.68186	17.34554	-0.564850926871077
743	0	0.671359282871708	0.6656977	0.001113314	17.70998	17.41626	-0.77134202664064
744	0	0.69585130000487	0.7034884	0.001357492	17.81189	17.50951	-1.51466248835643
745	0	0.657142976718023	0.6947674	0.001406015	17.64381	17.35071	-0.617627776313766
746	0	0.691323204361834	0.7238372	0.001538373	17.72047	17.48273	-0.885268805953505
747	0	0.718033904605545	0.75	0.001002125	17.88632	17.69791	-1.752900351741
748	0	0.732269199774601	0.6482558	0.001156624	17.82458	17.5402	-1.30662290814022
749	0	0.716043048282154	0.6860465	0.0016923	17.71322	17.37996	-0.781972785624725
74	0	0.655966209433973	0.6860465	0.001214821	17.76161	17.41211	-0.991373554661217
750	0	0.738195014069788	0.7877907	0.0008424206	18.1227	17.93831	-2.06559210712265
751	0	0.672229555086233	0.6540698	0.001575279	17.68938	17.35525	-0.765300699447709
752	0	0.700332979904488	0.6598837	0.0008992405	17.70673	17.46781	-1.09796881385485
753	0	0.668217330542393	0.6715116	0.00116618	17.5463	17.24142	-0.659226308006879
754	0	0.666602082457393	0.7122093	0.00159142	17.6269	17.29808	-0.899790622370893
755	0	0.681077833171003	0.7354651	0.0008766226	17.79178	17.48484	-0.691064670466624
756	0	0.734486989700235	0.7209302	0.001357604	17.76648	17.55095	-1.27474437737223
757	0	0.730398784554563	0.7383721	0.001218637	17.8007	17.57898	-1.28546271280875
758	0	0.701401723781601	0.7063953	0.001365411	17.51449	17.1891	-0.707172075544211
759	0	0.706586703984067	0.752907	0.0008842048	17.73437	17.46966	-0.875850711500289
75	0	0.656951108947396	0.6656977	0.001451842	17.56712	17.24953	-0.647674856402678
760	0	0.704285263549536	0.7122093	0.001335282	17.75998	17.49261	-1.04061065170199
761	0	0.681183460494503	0.7180233	0.001296494	17.77581	17.55195	-0.895810562185246
762	0	0.654587051528506	0.6598837	0.001320383	17.71633	17.3493	-0.677106617746171
763	0	0.738751169689931	0.755814	0.0007579034	17.97399	17.77975	-1.60409825241599
764	0	0.743504024925642	0.7674419	0.0005143558	17.77427	17.54055	-0.971209116910952
765	0	0.693359562754631	0.7209302	0.000456408	17.8403	17.53661	-0.891650056302914
766	0	0.747407994884998	0.8372093	0.001045318	17.99253	17.67315	-1.5458453489373
767	0	0.739470038400032	0.7209302	0.0009945168	17.89006	17.70673	-1.44344748620565
768	0	0.665907288365997	0.6337209	0.001233753	17.77477	17.46077	-0.810270894858671
769	0	0.662804300151765	0.6046512	0.001500466	17.59913	17.19735	-0.788067573960811
76	0	0.679321971605532	0.6656977	0.001118027	17.81558	17.51092	-0.933134263969157
770	0	0.680275011109188	0.7296512	0.001345793	17.72043	17.36841	-1.0911974931462
771	0	0.745763926068321	0.7325581	0.0009060236	17.86522	17.68122	-1.36187278567902
772	0	0.687392848962918	0.7151163	0.001203129	17.65398	17.25378	-0.686988361361755
773	0	0.660242674942128	0.6133721	0.001473641	17.50081	17.15435	-0.634220388255931
774	0	0.685397748905234	0.7267442	0.00144202	17.64539	17.39401	-1.04602212500198
775	0	0.684815195389092	0.7238372	0.00131113	17.61745	17.27592	-0.669710209256223
776	0	0.663019509380683	0.6337209	0.001361641	17.61465	17.1958	-0.681888317787262
777	0	0.7251454311423	0.7616279	0.00114421	17.96015	17.74703	-1.38309229391845
778	0	0.715166987362318	0.7877907	0.0009629873	17.98425	17.62309	-2.02541843292887
779	0	0.657486292044632	0.6773256	0.0009354077	17.70514	17.35559	-0.690942746058566
77	0	0.677766960882582	0.7034884	0.000988186	17.76991	17.59291	-1.02406964918026
780	0	0.738211373006925	0.7063953	0.0007337947	17.90801	17.72488	-1.56825218349492
781	0	0.688053083629347	0.6918605	0.001089561	17.73262	17.47011	-0.988585025148196
782	0	0.671359802386723	0.6918605	0.0009987783	17.79579	17.59415	-1.62697931540034
783	0	0.658421975327656	0.6540698	0.001901364	17.16269	17.02259	-0.430472372484785
784	0	0.688888720772229	0.6395349	0.001732692	17.74353	17.46797	-0.839627790205542
785	0	0.697755963727832	0.6540698	0.001403365	17.51572	17.26757	-0.684637188862379
786	0	0.677419506362639	0.7325581	0.00180997	17.74268	17.39519	-0.996124000510036
787	0	0.685340906050988	0.6976744	0.001117851	17.68835	17.32345	-1.12196892733483
788	0	0.652109190588817	0.6104651	0.0008267942	17.58506	17.17061	-0.672482215084904
789	0	0.748458448285237	0.7267442	0.0011444	17.88247	17.64979	-1.53363125477013
78	0	0.666064539807849	0.7005814	0.001383532	17.78582	17.5323	-0.94431850619619
790	0	0.726897959131747	0.7383721	0.0006051185	17.84403	17.61659	-1.39264954490907
791	0	0.694420489994809	0.6831395	0.001229562	17.65597	17.20224	-0.431609750815618
792	0	0.701256147609092	0.744186	0.0008170846	17.776	17.54149	-0.955322460513076
793	0	0.666864959290251	0.6511628	0.0009481719	17.67329	17.32215	-0.589926673448672
794	0	0.650263917981647	0.7354651	0.001683529	17.60608	17.20958	-0.93841308417781
795	0	0.723601355636492	0.7877907	0.00105312	17.81987	17.57698	-0.887827311548942
796	0	0.664939418341964	0.744186	0.001655367	17.63427	17.26152	-0.505476968875962
797	0	0.698671727185138	0.6860465	0.001458792	17.73224	17.42486	-1.13161279730872
798	0	0.698388137109578	0.7209302	0.001088289	17.49295	17.17338	-0.62419191107935
799	0	0.745722318300977	0.8197674	0.0009464159	17.94005	17.68568	-1.68544507676107
79	0	0.669155672704801	0.7093023	0.002257867	17.7575	17.42989	-0.861885069535008
7	0	0.722695134626701	0.6889535	0.0009291801	17.89937	17.58708	-1.4037731123422
800	0	0.696554779843427	0.6511628	0.001270664	17.91632	17.59813	-0.965883230096341
801	0	0.71756553160958	0.7180233	0.0009601197	17.79327	17.44624	-1.24173696249165
802	0	0.653632829128765	0.622093	0.001280485	17.67604	17.43882	-0.875457518088399
803	0	0.743023352813907	0.7412791	0.001082954	17.88702	17.72206	-1.47413913280244
804	0	0.670244043879211	0.7093023	0.001034938	17.62306	17.27644	-0.880300905573695
805	0	0.683597531169653	0.7209302	0.0005359545	17.61405	17.33682	-0.942649024245614
806	0	0.660897230962291	0.6773256	0.001406653	17.70131	17.37113	-0.986332598007473
807	0	0.657210179558024	0.7034884	0.001756688	17.78559	17.51972	-1.0977312069593
808	0	0.673982329433784	0.744186	0.0009004413	17.64666	17.35609	-0.982866235302249
809	0	0.739597723586485	0.7354651	0.001085401	17.91599	17.63199	-1.46328979153114
80	0	0.665051586017944	0.6162791	0.001026803	17.61424	17.26702	-0.651135696065126
810	0	0.693429783196189	0.6889535	0.001213152	17.4855	17.17113	-0.701234617804812
811	0	0.732359784981236	0.6860465	0.001063208	17.80005	17.46047	-0.79905752192028
812	0	0.683243265049532	0.7412791	0.00083434	17.72652	17.49484	-1.46078076591982
813	0	0.734264344349503	0.6715116	0.0009748342	17.74227	17.38693	-0.929045691121088
814	0	0.667021809704602	0.622093	0.001329195	17.70723	17.24399	-0.384063920157558
815	0	0.700066209072247	0.6860465	0.0008098153	17.67574	17.5143	-1.4086284961197
816	0	0.703226466174237	0.6918605	0.001340529	17.88048	17.64692	-1.50196267685685
817	0	0.732203030749224	0.7325581	0.001029779	17.71787	17.39215	-0.874197887297472
818	0	0.678881929512136	0.7180233	0.001762139	17.77213	17.4994	-0.969755418014556
819	0	0.66146315780934	0.6831395	0.00102388	17.67451	17.24552	-0.734633957353765
81	0	0.676891442504711	0.6366279	0.001093564	17.64537	17.24298	-0.661101421895866
820	0	0.717909287381917	0.7267442	0.00151173	17.71485	17.40717	-0.908287074953112
821	0	0.742990520596504	0.6947674	0.001108941	17.84902	17.59694	-1.12020150003234
822	0	0.748748767515644	0.7383721	0.0009042658	18.0667	17.71998	-1.89340390931312
823	0	0.741887416015379	0.7761628	0.001096744	18.01877	17.7415	-1.88609211268161
824	0	0.694486356619745	0.6482558	0.001162578	17.65798	17.35607	-0.919001380055868
825	0	0.682263727253303	0.7093023	0.001323719	17.82272	17.42601	-1.11371781815852
826	0	0.692906697979197	0.625	0.001323668	17.72885	17.43747	-1.14785538390672
827	0	0.673038436216302	0.6482558	0.00102259	17.61225	17.37343	-0.922882240404042
828	0	0.673597586271353	0.7645349	0.0009203669	17.71249	17.38799	-1.13139897240567
829	0	0.744141290918924	0.7936047	0.001299318	18.22952	17.94224	-2.68278099097709
82	0	0.688508781348355	0.6860465	0.001093022	17.80543	17.41165	-0.950118103924635
830	0	0.676250555319712	0.6686047	0.001063772	17.73282	17.44455	-0.849767822236071
831	0	0.73712768740952	0.7238372	0.0007838086	17.94841	17.72736	-1.31628129750966
832	0	0.670551141421311	0.6686047	0.0009576842	17.58585	17.20899	-0.856379533012532
833	0	0.672096198634245	0.6511628	0.001121447	17.63935	17.28622	-0.880914232310945
834	0	0.663397879130207	0.6104651	0.001719132	17.57003	17.14438	-0.392681791679351
835	0	0.703037140169181	0.7354651	0.001049416	17.83316	17.54304	-0.897322798120894
836	0	0.698409899882972	0.6744186	0.001070417	17.74572	17.44509	-0.797446105075096
837	0	0.69930265522562	0.6395349	0.00143384	17.76245	17.30963	-0.710170990639112
838	0	0.724204448284581	0.8023256	0.0009164516	18.01325	17.74622	-1.67857350895567
839	0	0.687258091964759	0.6366279	0.001261478	17.5482	17.19326	-0.514007628514788
83	0	0.7461398398038	0.7616279	0.001108162	17.89361	17.66057	-1.40362205987365
840	0	0.7425114689162	0.7732558	0.001491787	17.88702	17.73304	-1.89222709075393
841	0	0.744314457080327	0.7063953	0.0009387431	17.88787	17.60922	-1.39265658767214
842	0	0.726672693854198	0.6889535	0.001253437	17.82568	17.60748	-0.836325694861257
843	0	0.72715166725684	0.6686047	0.001236448	17.70266	17.45276	-1.04414216857301
844	0	0.747619322431274	0.7383721	0.0007531819	18.01896	17.72102	-1.25326642027207
845	0	0.701098501379602	0.7122093	0.001060546	17.80445	17.54707	-1.14085040875366
846	0	0.711805232916959	0.7587209	0.0008135616	17.86339	17.58991	-1.37242397208708
847	0	0.737529980367981	0.7325581	0.0009184674	17.71221	17.32242	-0.926594187341711
848	0	0.666916739102453	0.5988372	0.00149763	17.40798	17.13846	-0.343161011673411
849	0	0.683015316911042	0.6889535	0.001759528	17.69446	17.37536	-0.936747219413662
84	0	0.717750915628858	0.6627907	0.001236967	17.78057	17.54913	-1.0990183271431
850	0	0.684356985217892	0.75	0.002554585	17.72384	17.47193	-1.16196097941839
851	0	0.650809273286723	0.7005814	0.00124794	17.69641	17.38143	-0.737587602286598
852	0	0.708839289005846	0.6453488	0.00143973	17.61263	17.34119	-0.631794439435825
853	0	0.688567961077206	0.7093023	0.001493639	17.69027	17.38767	-0.877840409274852
854	0	0.674743589968421	0.6511628	0.0009708552	17.61314	17.28324	-0.865033147585928
855	0	0.6877646549372	0.6976744	0.001284887	17.77061	17.47257	-0.973497469539366
856	0	0.704919285839424	0.6482558	0.001128133	17.73383	17.44032	-0.757517871566868
857	0	0.660703100683168	0.7034884	0.00108898	17.62349	17.26869	-0.414591149772068
858	0	0.718276170943864	0.7877907	0.001441945	17.9818	17.74406	-1.4717659311073
859	0	0.686631170101464	0.6860465	0.001335051	17.67569	17.35723	-1.26745641213619
85	0	0.661360824271105	0.6889535	0.000746924	17.76356	17.51015	-1.17178129558907
860	0	0.672813797253184	0.7122093	0.0007994302	17.75467	17.48466	-0.918760782987621
861	0	0.709109621285461	0.755814	0.001513361	17.99058	17.68656	-1.47908571672473
862	0	0.743761868518777	0.6889535	0.0008404062	17.89377	17.6244	-1.14391709857222
863	0	0.679384185443632	0.6744186	0.001363042	17.71067	17.50252	-1.01283632020242
864	0	0.678665804956108	0.7063953	0.001275048	17.6939	17.39303	-1.04343366258249
865	0	0.659535524481908	0.7034884	0.0009279421	17.40999	17.15264	-0.668587853372857
866	0	0.670725615695119	0.7005814	0.001028006	17.73497	17.42073	-0.886100908461794
867	0	0.680186389992014	0.5988372	0.001184368	17.51596	17.22605	-0.655658069509481
868	0	0.692478777095676	0.622093	0.00119347	17.56968	17.23738	-0.726897379897367
869	0	0.718222107365727	0.6366279	0.001072345	17.68462	17.39925	-1.12797681287441
86	0	0.733628924982622	0.7906977	0.000764233	18.05506	17.84309	-1.43882777226
870	0	0.6553099749377	0.6598837	0.0009254489	17.48036	17.16483	-0.589557878366207
871	0	0.706300840410404	0.7005814	0.001207823	17.57554	17.2034	-0.716719724382216
872	0	0.692073754430748	0.6482558	0.0011884	17.63644	17.38047	-0.957764715040211
873	0	0.747404817002825	0.7151163	0.001292822	17.87487	17.63409	-1.15489703690046
874	0	0.705139033612795	0.6802326	0.001360824	17.76671	17.49559	-1.1405742741287
875	0	0.719433260313235	0.7732558	0.001144595	17.78217	17.50165	-0.87776773471446
876	0	0.669590789312497	0.6482558	0.00152945	17.60508	17.27394	-0.850406944615781
877	0	0.655007519177161	0.6540698	0.001024051	17.65883	17.30227	-0.962112570759779
878	0	0.658702614856884	0.6802326	0.001412353	17.64982	17.34713	-0.908239959045467
879	0	0.705106401746161	0.6918605	0.002211278	17.67268	17.34289	-0.783809027580361
87	0	0.717657319642603	0.7151163	0.001072629	17.7532	17.46191	-1.18305318643324
880	0	0.70490323828999	0.7063953	0.0009221083	17.72692	17.41099	-1.00431944857004
881	0	0.74253288123291	0.7674419	0.0009154362	17.80983	17.55253	-1.0278333039115
882	0	0.686885531595908	0.6918605	0.001494717	17.74805	17.55718	-1.07194847990595
883	0	0.730642541893758	0.8255814	0.001198558	17.90077	17.6871	-1.86113556575921
884	0	0.667001362820156	0.6627907	0.001091043	17.70672	17.4165	-0.810438701667695
885	0	0.662013478577137	0.6017442	0.001184645	17.32417	17.05878	-0.226279414319871
886	0	0.650934105599299	0.7151163	0.001743919	17.62461	17.32729	-0.85202678475803
887	0	0.74528285600245	0.7994186	0.0009602573	17.87163	17.65651	-1.10071461293649
888	0	0.667366171674803	0.6424419	0.0005304983	17.61477	17.28327	-0.705478241861657
889	0	0.721756697935052	0.8052326	0.001595079	17.88553	17.64533	-1.68721519530734
88	0	0.738774083252065	0.7587209	0.000832505	17.87401	17.6373	-1.84116887285457
890	0	0.733120712637901	0.8284884	0.001991358	17.95112	17.73937	-1.45749649062533
891	0	0.69923751540482	0.6918605	0.0008267447	17.71327	17.50627	-1.11160606316273
892	0	0.745610613841563	0.7994186	0.0006977573	17.94775	17.6887	-1.31409811517024
893	0	0.661240471433848	0.6918605	0.001265263	17.65178	17.28054	-0.897488002978983
894	0	0.671322765410878	0.6540698	0.001859023	17.65221	17.29646	-0.611019400064465
895	0	0.667549902829342	0.6395349	0.001478886	17.6284	17.1876	-0.482955495815778
896	0	0.728561845514923	0.7209302	0.001031396	17.82691	17.59528	-1.30385811549489
897	0	0.683144742553122	0.6831395	0.001630935	17.67652	17.27602	-1.0811913830944
898	0	0.712226632144302	0.7412791	0.001082143	17.82613	17.5903	-1.08821877565055
899	0	0.730756352236494	0.7122093	0.001081913	17.85745	17.57816	-1.16126051649867
89	0	0.712601027730852	0.6686047	0.001409884	17.70656	17.42892	-0.942748771323828
8	0	0.722983902459964	0.7063953	0.0009742117	17.65202	17.29167	-0.628916622712916
900	0	0.652191909519024	0.630814	0.0008862758	17.5725	17.26788	-0.692539868608071
901	0	0.689985700789839	0.7005814	0.000853981	17.63994	17.3021	-0.683100438413041
902	0	0.712631523259915	0.7616279	0.002326718	17.76668	17.35501	-0.808499529606345
903	0	0.6785165815847	0.627907	0.001503761	17.71388	17.2965	-0.585883471821978
904	0	0.714806199562736	0.6976744	0.0009487545	17.70081	17.42354	-1.06780004500277
905	0	0.656184984487481	0.6627907	0.001009182	17.59773	17.26667	-0.683987708266989
906	0	0.670410200650804	0.7267442	0.001798825	17.7668	17.42551	-1.09359365744949
907	0	0.736901854118332	0.7180233	0.0008584781	17.90689	17.59863	-1.42057049780031
908	0	0.663246541959234	0.6133721	0.002602008	17.68154	17.35277	-1.1339495822627
909	0	0.657412481843494	0.6395349	0.0007123428	17.60259	17.23055	-0.655152696072103
90	0	0.683165635960177	0.7209302	0.0007663788	17.70262	17.30038	-1.02315304274283
910	0	0.683961918158457	0.755814	0.001119043	17.69771	17.38994	-0.962190404891512
911	0	0.711840962781571	0.7238372	0.001003723	17.92618	17.68303	-1.4688353646633
912	0	0.67788843952585	0.630814	0.0008751321	17.62477	17.33435	-0.845470247002557
913	0	0.743218178045936	0.7703488	0.0009383531	17.88629	17.59226	-1.43814854323162
914	0	0.720664214086719	0.6947674	0.0009675098	17.87489	17.63035	-1.41405250398597
915	0	0.703899450553581	0.6947674	0.0009167189	17.74246	17.43465	-1.22948739848504
916	0	0.714914723671973	0.6860465	0.0009443117	17.71275	17.33467	-0.804820696382575
917	0	0.734417795296758	0.75	0.0008507796	17.95843	17.75375	-1.61262330394814
918	0	0.730581787903793	0.8110465	0.001158617	18.02621	17.73736	-1.67410497521449
919	0	0.700205218978226	0.7238372	0.001031184	17.75266	17.45581	-1.32564019159735
91	0	0.717222120729275	0.747093	0.001203716	17.88269	17.56359	-1.40999059139959
920	0	0.698763056634925	0.7005814	0.0008947496	17.75894	17.36112	-0.890308854374276
921	0	0.735755591862835	0.744186	0.00104332	17.9023	17.61569	-1.36104552764793
922	0	0.736348113208078	0.7965116	0.001262271	17.87408	17.64456	-1.25248853402932
923	0	0.669353329739533	0.6656977	0.0008927729	17.65761	17.35531	-0.803376404545419
924	0	0.693812330579385	0.6395349	0.001696787	17.64689	17.20627	-0.449258110687936
925	0	0.663141554431058	0.6598837	0.00109455	17.61497	17.21575	-0.787714446297146
926	0	0.666253825742751	0.6511628	0.001149481	17.67178	17.29194	-0.713620860568622
927	0	0.733445328008383	0.7645349	0.0009727034	17.91757	17.63879	-1.01366239818975
928	0	0.67171652300749	0.6802326	0.0009991825	17.344	17.15638	-0.307211811048322
929	0	0.724768287758343	0.7877907	0.0008490858	17.82636	17.50641	-0.708789917997781
92	0	0.672345068794675	0.7063953	0.001360508	17.82577	17.59057	-1.43939157166264
930	0	0.673770145419985	0.7238372	0.001348066	17.74488	17.40397	-0.887887768813647
931	0	0.725675928895362	0.7267442	0.001087715	17.87352	17.63065	-1.20900566986206
932	0	0.737713020807132	0.7587209	0.001362529	17.84899	17.64136	-1.86024468371634
933	0	0.718044217699207	0.6773256	0.001428989	17.73877	17.47444	-1.26590814639268
934	0	0.71108698034659	0.6976744	0.001006148	17.67857	17.41195	-0.991597175976545
935	0	0.716629232931882	0.6627907	0.001319984	17.67223	17.37341	-0.703102245987897
936	0	0.674314188864082	0.622093	0.002778555	17.56543	17.23498	-0.657622483703315
937	0	0.749477730714716	0.7383721	0.00101192	17.87878	17.65059	-1.23577854409404
938	0	0.659836753923446	0.6686047	0.00154089	17.56018	17.27483	-1.02292586101666
939	0	0.7069675068371	0.7063953	0.0009956226	17.7568	17.38469	-0.959378580795388
93	0	0.698260328988545	0.625	0.001349332	17.78847	17.48551	-1.01556976358903
940	0	0.697906673583202	0.6715116	0.0008916918	17.7849	17.50464	-0.866902609358381
941	0	0.710360247315839	0.7267442	0.001014227	17.78654	17.57792	-1.45799653573877
942	0	0.742387509439141	0.6802326	0.0008630709	17.85924	17.59466	-1.14830816058623
943	0	0.691582729690708	0.7151163	0.0007601326	17.79864	17.53535	-1.01964204325986
944	0	0.671597593976185	0.7093023	0.001021327	17.6493	17.32001	-0.827640821429662
945	0	0.715163145679981	0.7151163	0.0009907886	17.75295	17.4299	-0.723938852239167
946	0	0.654079411900602	0.6686047	0.00144038	17.6533	17.23922	-0.754556014358788
947	0	0.685741342697293	0.747093	0.001328044	17.66996	17.34508	-0.874245497820243
948	0	0.703788492898457	0.6453488	0.001271791	17.57213	17.31823	-0.895786933044257
949	0	0.708781960397027	0.752907	0.0009810696	17.97683	17.74118	-1.2763189685733
94	0	0.682161948364228	0.7034884	0.001576714	17.79954	17.44968	-0.939659565392043
950	0	0.686152407550253	0.6511628	0.0007694898	17.67281	17.39662	-0.743977312290791
951	0	0.692253183783032	0.6366279	0.001317508	17.45078	17.24688	-0.631487190756819
952	0	0.717153165815398	0.6773256	0.001123195	17.8053	17.54133	-1.13170777340248
953	0	0.733741551381536	0.6656977	0.0009181056	17.76069	17.44194	-1.00543394319491
954	0	0.652344636525959	0.5959302	0.0009622763	17.60081	17.27917	-0.694787049784074
955	0	0.692763943551108	0.6860465	0.0006016716	17.66557	17.31408	-0.72589105490627
956	0	0.650836828211322	0.5610465	0.001405553	17.25746	17.09051	-0.413149483744566
957	0	0.678525821352378	0.6656977	0.001566285	17.76963	17.51473	-0.860500434719937
958	0	0.680772960511968	0.6744186	0.0009823695	17.73719	17.52267	-1.05562469824499
959	0	0.68124422817491	0.6860465	0.0007151533	17.79746	17.44514	-0.939617519790105
95	0	0.725531036523171	0.6482558	0.001378046	17.77454	17.39583	-0.852530698964671
960	0	0.727096846071072	0.747093	0.0006768537	18.00252	17.7084	-1.45069995332119
961	0	0.67121513299644	0.6802326	0.001281778	17.75903	17.47992	-0.814906134742671
962	0	0.675625487836078	0.6715116	0.001187692	17.53731	17.12078	-0.368575824458492
963	0	0.684175461204723	0.6918605	0.001638263	17.6966	17.41578	-1.0259913545078
964	0	0.668073677574284	0.6017442	0.001389842	17.43514	17.15166	-0.469329607274998
965	0	0.714531737472862	0.7122093	0.001126643	17.65847	17.32135	-1.10205023377813
966	0	0.717162211425602	0.7703488	0.001069325	17.87626	17.72002	-1.23177367915451
967	0	0.713444338389672	0.7093023	0.001256241	17.69736	17.46602	-1.028737969012
968	0	0.705512332729995	0.7005814	0.001117933	17.87409	17.58348	-0.845381103893143
969	0	0.671004440821707	0.6802326	0.001109424	17.73015	17.3482	-0.820411532427979
96	0	0.664882203587331	0.6075581	0.001137913	17.84791	17.5646	-1.09975024919526
970	0	0.740868740272708	0.744186	0.0007735758	17.90234	17.57877	-1.2084593215264
971	0	0.652674976480193	0.6395349	0.00133701	17.73	17.36162	-0.648502392442807
972	0	0.749765961174853	0.7325581	0.001099083	17.83303	17.61672	-1.35488392702189
973	0	0.743777234316804	0.7587209	0.001752389	17.88598	17.65658	-1.18386363281458
974	0	0.727036042162217	0.7412791	0.001128255	17.93758	17.71317	-1.71161254815861
975	0	0.72297588000074	0.7994186	0.001917783	17.85481	17.59186	-1.3208142062433
976	0	0.700340494606644	0.7267442	0.001262897	17.94662	17.71182	-1.68886100718798
977	0	0.6532404495636	0.6482558	0.001134545	17.63643	17.34754	-0.480596567188753
978	0	0.693488679314032	0.6889535	0.00132911	17.8105	17.47852	-1.08744280084763
979	0	0.728230387158692	0.6976744	0.001330903	17.90332	17.56801	-1.2576978434118
97	0	0.667018585279584	0.6046512	0.002035167	17.73269	17.43762	-0.874123118925533
980	0	0.730221841600724	0.6947674	0.001056667	17.75808	17.46058	-1.02441777326934
981	0	0.745752915623598	0.6976744	0.0008759442	17.87125	17.6224	-1.21630728895347
982	0	0.70942176959943	0.6656977	0.00104619	17.66326	17.34241	-0.634194735828937
983	0	0.679002958210185	0.6947674	0.0008492692	17.78411	17.45353	-0.615198714850151
984	0	0.65016492435243	0.5901163	0.001392508	17.59749	17.26341	-0.665635109106097
985	0	0.731697242171504	0.7238372	0.001318846	17.80973	17.45325	-1.21861448788271
986	0	0.7493856145069	0.7238372	0.001111259	17.78422	17.4911	-1.01995497802033
987	0	0.722941647213884	0.744186	0.0009942921	17.72062	17.57109	-1.19756575953119
988	0	0.687222591717727	0.6569767	0.001274282	17.68376	17.29649	-0.700841247063025
989	0	0.696985986712389	0.6366279	0.00145383	17.58629	17.26361	-0.68317903187655
98	0	0.74401173053775	0.747093	0.001369421	17.81103	17.56778	-1.44610549642562
990	0	0.661145108938217	0.6802326	0.001937166	17.71382	17.39534	-0.577381898108389
991	0	0.714742258470505	0.7936047	0.0007179376	17.9418	17.71509	-1.70498356193078
992	0	0.723133209953085	0.7034884	0.001439395	17.7762	17.49621	-0.924877411189846
993	0	0.677429425041191	0.5697674	0.001803299	17.56262	17.26955	-0.62712513172358
994	0	0.654506807727739	0.6511628	0.001091068	17.49589	17.27161	-0.948356478491933
995	0	0.678302761469968	0.7034884	0.001359238	17.73591	17.37192	-0.729523740469615
996	0	0.707843774324283	0.6424419	0.001047463	17.73539	17.46521	-0.770310161215825
997	0	0.749062350695021	0.747093	0.0008670183	18.01002	17.79233	-1.87555332087947
998	0	0.675776343047619	0.6918605	0.0008890335	17.75378	17.42137	-0.833461725250048
999	0	0.710214136913419	0.6075581	0.001341985	17.71612	17.40265	-0.933266736352578
99	0	0.743152123549953	0.7732558	0.001127874	17.87034	17.6126	-1.15791514950187
9	0	0.702292168955319	0.7325581	0.0008287814	17.80536	17.53214	-1.41238455897461
