seed	s	m	bene_prop	var_prop	median_tract	mean_tract	iDAT_score
1000	0	0.7457394820638	0.755814	0.001066593	17.89996	17.67745	-1.78197419306746
100	0	0.699325289111584	0.6831395	0.001537125	17.77064	17.45287	-1.11326129791613
101	0	0.660803271667101	0.6889535	0.001253633	17.26889	17.10185	-0.473327207590977
102	0	0.719489129004069	0.7209302	0.0009478116	17.67031	17.31512	-1.22701931004105
103	0	0.683520255214535	0.6424419	0.001155215	17.67758	17.32145	-1.04312147387027
104	0	0.721548455418088	0.7325581	0.001396355	17.80108	17.52277	-1.15816262513337
105	0	0.653393248515204	0.6424419	0.001239887	17.59993	17.14766	-0.522305353446091
106	0	0.740455238427967	0.7848837	0.001372932	17.77074	17.55619	-1.22364938702113
107	0	0.743558037118055	0.7645349	0.001032678	17.77842	17.48733	-0.915995501882408
108	0	0.743193960189819	0.7412791	0.001175974	17.7523	17.47937	-1.43070162986568
109	0	0.676161213847809	0.6686047	0.001105289	17.6218	17.22071	-0.679587274498647
10	0	0.698646817798726	0.7325581	0.001072656	17.63862	17.29438	-0.843154501484864
110	0	0.738911027321592	0.7093023	0.001446682	17.87898	17.58115	-1.2017620734581
111	0	0.686991936690174	0.7761628	0.001514752	17.7416	17.50691	-1.60628408110288
112	0	0.725733792129904	0.7703488	0.001109727	17.73837	17.47463	-1.64210679964135
113	0	0.712602945324033	0.5959302	0.001163345	17.51237	17.05452	-0.712095834704087
114	0	0.694375474122353	0.7180233	0.001297315	17.6826	17.32853	-0.79613289109076
115	0	0.718652539537288	0.6976744	0.002272632	17.5612	17.17433	-0.529959933373955
116	0	0.734722428023815	0.7296512	0.001084182	17.87579	17.59479	-1.23635693776649
117	0	0.745852365368046	0.7412791	0.001858596	17.88028	17.58038	-1.46986034757793
118	0	0.710147923091426	0.7267442	0.001237307	17.70332	17.32142	-0.898042861879295
119	0	0.669364952319302	0.744186	0.001180946	17.74473	17.36412	-1.10336740160391
11	0	0.730451092449948	0.6802326	0.001273284	17.68786	17.40432	-0.852259164801034
120	0	0.667453378206119	0.6744186	0.001389615	17.61936	17.25174	-1.03764265216369
121	0	0.723431965243071	0.6831395	0.001526904	17.66716	17.36698	-0.769976104526274
122	0	0.720792175503448	0.7005814	0.0008722111	17.713	17.329	-0.920650064502757
123	0	0.650859741121531	0.7034884	0.001552401	17.6383	17.25032	-1.18077825958814
124	0	0.690323484991677	0.6511628	0.001790915	17.71298	17.42884	-1.12958668199468
125	0	0.673996517481282	0.7267442	0.0009811486	17.59516	17.26023	-1.15378065271057
126	0	0.708096225326881	0.7296512	0.001200239	17.76491	17.40408	-1.10689767032438
127	0	0.653287549386732	0.622093	0.001479831	17.14284	17.08792	-0.735427525947711
128	0	0.680467928084545	0.6976744	0.001002789	17.59027	17.25235	-0.973950881096106
129	0	0.683882403606549	0.6656977	0.001180148	17.61525	17.26459	-0.934331434599724
12	0	0.656748846871778	0.5872093	0.001131269	17.14828	16.9824	-0.568909710247156
130	0	0.712151598813944	0.7412791	0.0009890509	17.66994	17.2761	-0.696922195700997
131	0	0.742313524498604	0.7819767	0.0009216562	17.87843	17.6442	-1.32321182529621
132	0	0.691275731986389	0.6424419	0.0009978694	17.67472	17.31207	-0.699221737552228
133	0	0.688765646587126	0.6831395	0.001286763	17.50661	17.18861	-0.631165282832019
134	0	0.726994343218394	0.7238372	0.001258391	17.73083	17.31386	-0.788783558338937
135	0	0.705685173207894	0.6424419	0.001061734	17.64485	17.24305	-0.893899934084265
136	0	0.712433262472041	0.75	0.00124886	17.73835	17.47004	-0.986652464615192
137	0	0.706174406642094	0.6686047	0.0009618586	17.78898	17.56051	-1.36211586107142
138	0	0.685370134725235	0.6424419	0.001525092	17.65756	17.32042	-0.76936734746054
139	0	0.744479597778991	0.8168605	0.0009438379	17.7894	17.43886	-0.895565138516978
13	0	0.747449898789637	0.7267442	0.0008862488	17.94831	17.61396	-1.9224584569777
140	0	0.675909158797003	0.5901163	0.001630938	17.66104	17.25673	-0.997146482214909
141	0	0.658115625428036	0.7005814	0.001942068	17.66046	17.23085	-0.736111288942121
142	0	0.671334437909536	0.7267442	0.0009352909	17.72798	17.3609	-0.993955575439224
143	0	0.665090283099562	0.6889535	0.00122681	17.49128	17.11518	-0.966916843194876
144	0	0.725857021263801	0.755814	0.0009778516	17.72599	17.42017	-1.21606984772588
145	0	0.738604248245247	0.7703488	0.001445959	17.6975	17.34473	-1.04094313879757
146	0	0.72492477025371	0.7122093	0.002771699	17.76586	17.55375	-1.39849658552726
147	0	0.660662129032426	0.6918605	0.001335198	17.46082	17.08586	-0.80500042447643
148	0	0.661385609512217	0.7093023	0.002242515	17.3652	17.0669	-0.738908033977785
149	0	0.698659796291031	0.6802326	0.001014394	17.58798	17.16732	-0.764195295784932
14	0	0.730840608174913	0.7936047	0.001204367	17.81444	17.54762	-1.28463184098787
150	0	0.652450602035969	0.6802326	0.001863703	17.60158	17.2471	-1.02449246745571
151	0	0.684181949659251	0.6511628	0.001519572	17.46498	17.09988	-0.738859802437178
152	0	0.713176263915375	0.6802326	0.001197587	17.7004	17.37345	-1.08213162332815
153	0	0.675027750036679	0.7209302	0.001153995	17.66152	17.31442	-0.930889406225919
154	0	0.715042957128026	0.747093	0.001435928	17.80204	17.51835	-0.954158308448487
155	0	0.727549654617906	0.7122093	0.001145469	17.85222	17.51783	-1.06607132390628
156	0	0.657066243863665	0.627907	0.001893377	17.40456	17.19096	-0.872188211550792
157	0	0.722747631114908	0.75	0.0009795635	17.62456	17.22403	-0.772594950131771
158	0	0.670001679169945	0.7965116	0.001746182	17.77377	17.52318	-1.24522328183997
159	0	0.67250792873092	0.6802326	0.001327878	17.50782	17.17406	-0.70141790011773
15	0	0.745047899778001	0.7761628	0.001023272	17.95005	17.73698	-1.42607755688356
160	0	0.7455534724053	0.7703488	0.0009025727	17.82163	17.4949	-1.53715695837799
161	0	0.675792822008953	0.6162791	0.001280411	17.55189	17.08612	-0.527160347649817
162	0	0.654329110519029	0.6802326	0.001462436	17.59524	17.22498	-0.989533505261313
163	0	0.729898281977512	0.6831395	0.001247709	17.6406	17.31115	-1.129090612969
164	0	0.73692330699414	0.755814	0.000950593	17.80167	17.52638	-1.32962718922695
165	0	0.713493006001227	0.6482558	0.001893098	17.72119	17.36668	-1.13665291504382
166	0	0.713265027641319	0.744186	0.001080928	17.68926	17.35448	-0.914327435051188
167	0	0.748647847236134	0.7703488	0.001089225	17.82972	17.53933	-1.62802733606259
168	0	0.65170092433691	0.6744186	0.002259003	17.27694	17.03643	-0.452368880966136
169	0	0.650729357870296	0.6366279	0.001584644	17.33697	17.13331	-0.575932193861469
16	0	0.704042599443346	0.7325581	0.001024289	17.83246	17.55729	-1.67165623432345
170	0	0.674155693221837	0.6598837	0.001610347	17.65207	17.19558	-0.549927030578303
171	0	0.728708281926811	0.7412791	0.001706218	17.6575	17.32063	-0.935179235054255
172	0	0.678371052537113	0.7093023	0.002093814	17.62797	17.21084	-0.889708999208546
173	0	0.650687048467807	0.7674419	0.001586877	17.67883	17.27862	-0.89319860516556
174	0	0.733602234907448	0.6831395	0.001907218	17.71236	17.50176	-1.21744880334728
175	0	0.719001873396337	0.7296512	0.001088071	17.83625	17.56166	-1.34029150621876
176	0	0.745679843565449	0.7936047	0.001152614	17.85365	17.54863	-1.36855657422014
177	0	0.690291894646361	0.5872093	0.001578989	17.55168	17.21999	-0.838426121484847
178	0	0.657293992047198	0.6366279	0.001204855	17.39156	17.12085	-0.800850091034633
179	0	0.651364848995581	0.6744186	0.001575822	17.12442	17.01311	-0.515201599963018
17	0	0.66942585229408	0.6482558	0.002347653	17.61113	17.30552	-1.00228073150568
180	0	0.689895216212608	0.7296512	0.0009636578	17.7323	17.3355	-0.914355360831708
181	0	0.650365269463509	0.6773256	0.001511589	17.77571	17.47692	-1.03639002410722
182	0	0.691002231859602	0.75	0.001813585	17.54786	17.16958	-0.665290332893491
183	0	0.68925924662035	0.752907	0.001894222	17.67263	17.31314	-1.025944525151
184	0	0.739159107720479	0.7325581	0.001258164	17.66067	17.29912	-1.47255773459334
185	0	0.668843172071502	0.6889535	0.001466628	17.21546	17.13781	-0.732486950593352
186	0	0.723248502868228	0.7703488	0.001338899	17.81819	17.41226	-1.09830883763982
187	0	0.716315963724628	0.7093023	0.001391396	17.28737	17.05966	-0.696919995676651
188	0	0.658026344818063	0.627907	0.001347384	17.24342	16.97215	-0.577510276724393
189	0	0.70217349010054	0.6918605	0.001146319	17.67713	17.38021	-1.24759444718019
18	0	0.679946912848391	0.6424419	0.001164508	17.72982	17.44195	-1.13608155107022
190	0	0.662302850140259	0.6627907	0.002269626	17.60391	17.23626	-0.5897999477471
191	0	0.684181949659251	0.7151163	0.001510542	17.66012	17.25092	-0.969476165623769
192	0	0.713176263915375	0.8081395	0.001169276	17.83888	17.48917	-1.00072631713876
193	0	0.675027750036679	0.6860465	0.001167636	17.61339	17.23543	-0.763687337415741
194	0	0.715042957128026	0.6947674	0.001129823	17.55695	17.16116	-0.699288409371098
195	0	0.727549654617906	0.6889535	0.001223398	17.53414	17.17308	-0.816488545007418
196	0	0.657066243863665	0.6482558	0.00168564	17.5338	17.1616	-0.991646729386532
197	0	0.722747631114908	0.7151163	0.001363579	17.66391	17.28762	-1.16244539295202
198	0	0.670001679169945	0.7005814	0.002568805	17.47325	17.08165	-0.562910910689931
199	0	0.67250792873092	0.6686047	0.001300245	17.62568	17.18273	-0.590894518688812
19	0	0.714600533316843	0.7877907	0.00104298	17.66626	17.30104	-1.04566663900775
1	0	0.670309869525954	0.6686047	0.00163479	17.41094	17.15711	-0.822709613180984
200	0	0.7455534724053	0.7122093	0.00200292	17.74702	17.51569	-1.37372024208082
201	0	0.653485789429396	0.6947674	0.001120419	17.44742	17.0961	-0.497612751621212
202	0	0.721584230940789	0.6686047	0.000844521	17.59742	17.24554	-0.890107799848961
203	0	0.690383976767771	0.6773256	0.001943343	17.74821	17.31045	-1.42142399129517
204	0	0.740545560675673	0.6424419	0.001752573	17.31592	17.08812	-0.694678713541883
205	0	0.7483731594868	0.744186	0.0008809495	17.90424	17.63145	-1.6764844842248
206	0	0.674619399267249	0.7151163	0.001384305	17.60801	17.33624	-0.817276443610221
207	0	0.717489553103223	0.7412791	0.0009280944	17.79459	17.51235	-1.03085132323779
208	0	0.653353126789443	0.6569767	0.001088115	17.63526	17.21175	-0.784448815108161
209	0	0.67944811724592	0.7325581	0.001488219	17.12813	17.09457	-0.740573178102835
20	0	0.748455009260215	0.7296512	0.001614312	17.8211	17.5125	-1.15944802632763
210	0	0.748637608462013	0.75	0.001133885	17.87752	17.5236	-1.61222634783688
211	0	0.654858214315027	0.622093	0.001500344	17.49896	17.09671	-0.619871365053761
212	0	0.657066579372622	0.755814	0.001864634	17.57061	17.16719	-0.778723393106961
213	0	0.744801121368073	0.7209302	0.0008785441	17.79673	17.56322	-1.49449524144399
214	0	0.712592711439356	0.7645349	0.001065119	17.84001	17.45103	-1.04713077859417
215	0	0.664832582673989	0.6918605	0.002611475	17.70741	17.35953	-1.07592796734093
216	0	0.733624932891689	0.7034884	0.001172355	17.70477	17.40924	-1.40737016397145
217	0	0.723396266298369	0.8284884	0.001137034	17.81636	17.55692	-1.55520586732936
218	0	0.725322116585448	0.7122093	0.0006440265	17.66927	17.22594	-1.09919280532098
219	0	0.726146441278979	0.7209302	0.001388649	17.65818	17.26051	-1.11513677644667
21	0	0.674946046457626	0.7063953	0.0007209134	17.65275	17.32341	-1.07739652613515
220	0	0.671024856087752	0.7238372	0.001038622	17.61142	17.20576	-0.836856860335888
221	0	0.70590443983674	0.6686047	0.001630671	17.63327	17.24886	-0.600376648976374
222	0	0.729862416908145	0.7761628	0.00197004	17.67681	17.30849	-1.01963664579245
223	0	0.72614288367331	0.752907	0.00105514	17.80791	17.57575	-1.05874141532231
224	0	0.730167332454585	0.7587209	0.001723372	17.77953	17.38777	-1.294056073734
225	0	0.67747380817309	0.7122093	0.0009424502	17.54493	17.17907	-0.929212816953151
226	0	0.722053488506936	0.6802326	0.001644143	17.55793	17.21437	-0.897058431907711
227	0	0.716948273102753	0.7122093	0.001361772	17.71253	17.40584	-1.1899248738465
228	0	0.736279058852233	0.6889535	0.001252641	17.66483	17.26693	-0.967273662029866
229	0	0.682278085430153	0.75	0.001372055	17.76136	17.47845	-1.33826835698371
22	0	0.718870905879885	0.7151163	0.00106688	17.67215	17.32895	-0.916521057775388
230	0	0.687477288697846	0.6540698	0.001508173	17.81167	17.38137	-0.995587007532786
231	0	0.654744068766013	0.6453488	0.001267115	17.6402	17.23052	-0.847503681905229
232	0	0.650109742162749	0.5988372	0.001239179	17.52269	17.21934	-1.02385889752442
233	0	0.677012766990811	0.5872093	0.001874956	17.61413	17.19675	-0.941312401039949
234	0	0.724670123821124	0.7005814	0.001050492	17.69216	17.39777	-1.28266175403834
235	0	0.724456955865026	0.7325581	0.001274373	17.71646	17.46377	-1.17691945739819
236	0	0.676632525981404	0.744186	0.001177964	17.51302	17.20885	-0.909053951054458
237	0	0.661709323967807	0.6802326	0.0009368265	17.38713	17.03489	-0.378792187451855
238	0	0.716372088366188	0.7761628	0.001402416	17.65824	17.26277	-0.756396772861571
239	0	0.678671570541337	0.747093	0.001349902	17.67028	17.35268	-1.23304735812824
23	0	0.741767540597357	0.8343023	0.0009720555	17.69961	17.43954	-1.39954506693411
240	0	0.679083223617636	0.622093	0.001197673	17.50599	17.13689	-0.464745090581712
241	0	0.655711417365819	0.6627907	0.001294194	17.20411	17.02838	-0.621980089461565
242	0	0.665859320224263	0.6540698	0.001772757	17.62813	17.27195	-0.80205991273325
243	0	0.669487444427796	0.5901163	0.00159226	17.24489	17.06354	-0.452816741940169
244	0	0.6546886700904	0.6424419	0.0009310149	17.60661	17.21689	-0.875429087464967
245	0	0.711002434347756	0.6162791	0.001386509	17.57048	17.19452	-0.637792944921076
246	0	0.748531536688097	0.8168605	0.001474113	17.74465	17.55937	-1.35945402270862
247	0	0.705474462290294	0.6831395	0.001893464	17.54471	17.24574	-0.812940296683053
248	0	0.655969936982729	0.6976744	0.001350712	17.18473	16.9675	-0.709062057974339
249	0	0.72359431241639	0.6744186	0.00108257	17.82839	17.5795	-1.11297132348988
24	0	0.654888431029394	0.6831395	0.001203736	17.52226	17.0687	-0.639555092928987
250	0	0.704817521711811	0.7209302	0.001592101	17.69189	17.37347	-1.05313375215764
251	0	0.718689545732923	0.6744186	0.00112555	17.61896	17.12311	-0.752585260520517
252	0	0.724161973060109	0.7354651	0.0008991468	17.77178	17.5168	-1.64507327406665
253	0	0.748607739573345	0.747093	0.0008700512	17.76902	17.4426	-1.20206842683411
254	0	0.655304317036644	0.5552326	0.001537266	17.51422	17.13889	-0.565150797391636
255	0	0.69901160618756	0.7267442	0.002263406	17.73474	17.529	-1.24435385070988
256	0	0.671719076577574	0.7063953	0.001335704	17.57368	17.14994	-1.01864318975787
257	0	0.682905334280804	0.6744186	0.0009527772	17.6311	17.23426	-0.479557602482733
258	0	0.723630420211703	0.7093023	0.001113497	17.77994	17.4363	-1.21851160401955
259	0	0.707649885443971	0.6656977	0.000989221	17.71772	17.28037	-0.984890170393976
25	0	0.735917542106472	0.744186	0.0008627868	17.744	17.36192	-0.967636825758253
260	0	0.715631257044151	0.755814	0.001490027	17.78064	17.37834	-1.08525010291511
261	0	0.653309116442688	0.630814	0.002051288	17.68074	17.24239	-0.921802119291626
262	0	0.657196465227753	0.6773256	0.001119486	17.3538	17.13358	-0.842667191936008
263	0	0.6972195943119	0.7267442	0.001612115	17.3467	17.052	-0.645933649965973
264	0	0.711067138845101	0.7063953	0.001449305	17.56993	17.15674	-0.912488367842945
265	0	0.732531175157055	0.7122093	0.001369145	17.61323	17.29655	-1.01048082488371
266	0	0.66328576807864	0.6627907	0.001607429	17.65411	17.28514	-1.0414085082658
267	0	0.726174937491305	0.752907	0.001025012	17.59046	17.3339	-1.42409209470351
268	0	0.737582437461242	0.7819767	0.001286475	17.70175	17.41877	-1.20852028830836
269	0	0.73999001821503	0.7412791	0.001168335	17.82246	17.54253	-1.45974913323544
26	0	0.728017347841524	0.627907	0.001464071	17.68584	17.24967	-1.02324134087714
270	0	0.695015108864754	0.6744186	0.001550965	17.76158	17.48683	-1.06357661823932
271	0	0.69934795438312	0.75	0.001096649	17.7245	17.34745	-1.27536605691417
272	0	0.708750580763444	0.6947674	0.001012605	17.64113	17.2047	-1.02275194872204
273	0	0.664535472169518	0.6482558	0.001191683	17.64221	17.31051	-0.97480244866839
274	0	0.666571079660207	0.6162791	0.001869219	17.47113	17.12406	-0.664206599005013
275	0	0.665810461179353	0.7034884	0.00143173	17.67165	17.31741	-1.07370531164196
276	0	0.717569807451218	0.7354651	0.001825511	17.85533	17.59941	-1.62172892149952
277	0	0.68098090919666	0.7267442	0.001112352	17.63325	17.36219	-0.805422217812167
278	0	0.748727522883564	0.8255814	0.0008879603	17.9815	17.78925	-1.94408571384761
279	0	0.659850726043805	0.6627907	0.001052651	17.51835	17.11698	-0.896462572447803
27	0	0.719480433524586	0.7412791	0.001544011	17.81906	17.54271	-1.13251639392325
280	0	0.692390574188903	0.6395349	0.00145984	17.6976	17.24996	-0.979884798968543
281	0	0.693916667439044	0.6569767	0.001534478	17.65724	17.21662	-0.879063641542177
282	0	0.698831229261123	0.6773256	0.002354509	17.70369	17.39636	-0.866797457725686
283	0	0.706441214727238	0.7209302	0.001255143	17.68661	17.30388	-0.995007031541543
284	0	0.72935092614498	0.7412791	0.001051071	17.7742	17.43317	-1.1540991041436
285	0	0.691424881760031	0.6424419	0.00108729	17.69661	17.36009	-0.985743105072443
286	0	0.738792137079872	0.8401163	0.001093479	17.79139	17.51454	-1.14447308750884
287	0	0.745132881379686	0.7151163	0.0008394547	17.83734	17.50512	-1.40390288386074
288	0	0.679773808387108	0.6744186	0.001501772	17.49495	17.22028	-0.828620848874067
289	0	0.713706465763971	0.747093	0.001219084	17.73868	17.40797	-1.17568093236598
28	0	0.706783370580524	0.7674419	0.001642698	17.69418	17.40409	-0.987279661522347
290	0	0.671163525246084	0.6598837	0.001732561	17.32962	16.9974	-0.412172975960959
291	0	0.69439792803023	0.6860465	0.001378156	17.62951	17.25813	-1.18707930128099
292	0	0.677066823397763	0.6889535	0.001700412	17.35167	17.17266	-0.83910750346861
293	0	0.711311922594905	0.6656977	0.001821274	17.57684	17.17679	-0.657596070124504
294	0	0.678098227176815	0.5755814	0.002194144	17.02033	16.92368	-0.224365703227711
295	0	0.660201739892364	0.6686047	0.001670748	17.40828	17.13852	-0.668702470487779
296	0	0.691209177603014	0.7732558	0.001364109	17.67352	17.36879	-0.856704132249795
297	0	0.711297508119605	0.7645349	0.001303514	17.86385	17.55683	-1.47233434551985
298	0	0.724612215789966	0.75	0.0009495928	17.78431	17.4934	-1.22321867131038
299	0	0.710742416488938	0.7122093	0.001451798	17.73577	17.43833	-1.25671643042244
29	0	0.723368598963134	0.7034884	0.001284095	17.75995	17.46962	-1.22594877218726
2	0	0.703813029127195	0.7296512	0.001287207	17.64039	17.26414	-0.983431914709509
300	0	0.720106029440649	0.7034884	0.0008384994	17.78439	17.42254	-1.41201645365013
301	0	0.734729849756695	0.7412791	0.001354873	17.72738	17.35071	-1.04246804986733
302	0	0.66031489497982	0.630814	0.001679046	17.52293	17.12951	-0.83643773406145
303	0	0.701101994724013	0.7354651	0.001967753	17.70303	17.34925	-1.38522158894278
304	0	0.678559474088252	0.6395349	0.001487403	17.54742	17.17852	-0.646029891025342
305	0	0.692991969082504	0.6366279	0.001508273	17.53402	17.16414	-0.990977883202406
306	0	0.687889539753087	0.7645349	0.001760354	17.8386	17.4035	-1.13168104374462
307	0	0.685056043090299	0.752907	0.001304265	17.70924	17.36373	-1.32317830374608
308	0	0.682726631918922	0.6773256	0.001435584	17.61795	17.13523	-0.971552488085755
309	0	0.657017737766728	0.755814	0.001259121	17.68251	17.3221	-1.06084004073034
30	0	0.693395750247873	0.6831395	0.001419257	16.9846	16.97916	-0.666371440187438
310	0	0.723209592164494	0.7093023	0.0009919844	17.6476	17.26909	-1.12659260335875
311	0	0.682753792521544	0.747093	0.001098398	17.79995	17.4702	-1.26370883787974
312	0	0.688357578287832	0.6976744	0.0007115791	17.73698	17.42341	-1.01755061684938
313	0	0.668670619628392	0.6918605	0.00138231	17.61366	17.25934	-1.13996867155848
314	0	0.734046599385329	0.6744186	0.001416481	17.68482	17.20085	-0.71230164141944
315	0	0.733285399759188	0.7122093	0.001838223	17.72068	17.34355	-0.988263972454567
316	0	0.667273341026157	0.6686047	0.001416745	17.71811	17.37753	-1.07594253005415
317	0	0.737329919473268	0.6947674	0.001776043	17.72386	17.35659	-0.974062799087314
318	0	0.66984881979879	0.6482558	0.001979286	17.508	17.2308	-0.804255126714919
319	0	0.730076979938895	0.6773256	0.001259501	17.64407	17.32694	-1.21163653213254
31	0	0.739847144437954	0.7005814	0.0009114906	17.72364	17.3294	-1.26306446036055
320	0	0.744975190493278	0.7122093	0.001627701	17.8267	17.48324	-1.39524173111217
321	0	0.686165188183077	0.7034884	0.001146316	17.55917	17.15268	-0.814883780084367
322	0	0.70939816525206	0.747093	0.0007706201	17.99407	17.72592	-1.73193474957593
323	0	0.729868881963193	0.7180233	0.0009336225	17.78598	17.53956	-1.35522951650183
324	0	0.700028843781911	0.6947674	0.001487697	17.53378	17.17438	-0.862129935007665
325	0	0.719598003057763	0.7325581	0.001472531	17.63792	17.25552	-0.758894414394937
326	0	0.651196848391555	0.619186	0.00175593	17.5086	17.15426	-0.467740509078564
327	0	0.74977473532781	0.7005814	0.001656084	17.85926	17.45369	-1.6062314964047
328	0	0.730821248004213	0.6889535	0.00115801	17.88939	17.65339	-1.61278613279847
329	0	0.725192063651048	0.8023256	0.001240031	17.73364	17.36198	-1.16151107130131
32	0	0.707212787726894	0.7354651	0.001365677	17.65134	17.31026	-0.882896590971239
330	0	0.70014452857431	0.6918605	0.001525807	17.66291	17.28695	-0.817168844285364
331	0	0.65128064234741	0.5174419	0.001662422	17.11343	17.00745	-0.321218520801883
332	0	0.716751602082513	0.7412791	0.001119194	17.76703	17.46723	-1.23837102577001
333	0	0.685114849451929	0.7151163	0.002365235	17.43911	17.06028	-0.843940955952872
334	0	0.718436724017374	0.6598837	0.001035917	17.64403	17.23066	-1.0206483844096
335	0	0.716610306641087	0.75	0.001644549	17.78253	17.51417	-1.65143221885749
336	0	0.663603446027264	0.6482558	0.00174192	17.41864	17.07441	-0.34115738584713
337	0	0.69286112904083	0.6976744	0.002038345	17.62742	17.19478	-0.683178453852441
338	0	0.726834882958792	0.7645349	0.0009142589	17.73298	17.43223	-1.31956798490389
339	0	0.747065414581448	0.6569767	0.001076202	17.70758	17.32526	-1.00792340678941
33	0	0.669262480572797	0.6686047	0.001507312	17.26783	17.04702	-0.56699865523223
340	0	0.731113263824955	0.7819767	0.001474966	17.80325	17.48405	-1.01662540284596
341	0	0.734817420202307	0.7063953	0.00182762	17.74476	17.51396	-1.66493853936588
342	0	0.704089573048986	0.8052326	0.001181567	17.74091	17.35338	-0.796468361289657
343	0	0.74817410542164	0.7965116	0.001422946	17.80716	17.4755	-1.07959697171179
344	0	0.694089096225798	0.6947674	0.001294008	17.69673	17.41025	-1.06262573338244
345	0	0.676507291966118	0.6889535	0.001413176	17.6908	17.32519	-1.01847548595985
346	0	0.681400147685781	0.5959302	0.001462102	17.63105	17.22972	-0.800154016519457
347	0	0.681301885959692	0.7616279	0.00112944	17.74551	17.43	-1.1048657725314
348	0	0.694932594755664	0.6715116	0.001443046	17.629	17.26606	-0.989038916209104
349	0	0.669139063823968	0.6889535	0.0009098408	17.09158	17.05027	-0.575503736183722
34	0	0.688629813748412	0.75	0.001342771	17.74273	17.37648	-1.35023678509023
350	0	0.688733446807601	0.6860465	0.001289935	17.57453	17.09691	-0.65156412679394
351	0	0.694493455300108	0.7093023	0.001058731	17.73297	17.3662	-1.04293049232014
352	0	0.748773388750851	0.7383721	0.0009623843	17.61308	17.28199	-0.797974071955164
353	0	0.703676009713672	0.744186	0.001208563	17.68171	17.38215	-1.21194064924434
354	0	0.691226244647987	0.7209302	0.002218508	17.46665	17.17379	-0.745283551155173
355	0	0.741381533723324	0.7732558	0.001144924	17.73909	17.47484	-1.50780853855416
356	0	0.667003153334372	0.6598837	0.001204022	17.61251	17.16832	-0.669855749114621
357	0	0.654519658000209	0.5988372	0.002003249	17.49873	17.01841	-0.496722010385243
358	0	0.711387347104028	0.6744186	0.001352708	17.46441	17.10164	-0.667193821230925
359	0	0.654845796944574	0.6395349	0.001420405	16.8304	16.84989	-0.249746185743414
35	0	0.697083190479316	0.7296512	0.001310198	17.65529	17.28934	-1.02291451802658
360	0	0.699702597688884	0.6366279	0.001890677	17.63413	17.16057	-0.627820217192962
361	0	0.650896830973215	0.6744186	0.001856037	17.66421	17.28968	-1.30337316212364
362	0	0.699920449731872	0.6802326	0.001661597	17.67621	17.24577	-1.23238407233626
363	0	0.677088713948615	0.7267442	0.00180553	17.69075	17.35787	-0.790719232116445
364	0	0.719922005967237	0.6337209	0.001325786	17.75574	17.40926	-1.11339416571123
365	0	0.665817982656881	0.7122093	0.001318353	17.51567	17.19513	-0.706031741638057
366	0	0.71259192537982	0.7063953	0.001783471	17.61871	17.23182	-0.892648310642941
367	0	0.720290740369819	0.6918605	0.00142969	17.68246	17.38113	-1.12863874303299
368	0	0.676758264517412	0.6482558	0.001289601	17.73246	17.35903	-1.06752689406977
369	0	0.671566591598094	0.752907	0.00192275	17.53884	17.23372	-0.947197602374459
36	0	0.688341306895018	0.7034884	0.001319661	17.76256	17.42942	-1.19106753239828
370	0	0.67221098667942	0.6889535	0.001609784	17.54442	17.19053	-0.865014816295685
371	0	0.699440356041305	0.7151163	0.001000489	17.72233	17.44228	-1.29926064480115
372	0	0.675269233062863	0.75	0.001087051	17.76453	17.33213	-0.893352900948146
373	0	0.74149748061318	0.7354651	0.001057999	17.63405	17.28888	-0.893221035550373
374	0	0.66138057152275	0.6395349	0.001685794	17.59436	17.1549	-0.709639253267834
375	0	0.728943800344132	0.7936047	0.001990236	17.77396	17.46842	-1.16215112252295
376	0	0.703604468051344	0.7151163	0.001075998	17.67251	17.25417	-0.821704242315952
377	0	0.662828007293865	0.5639535	0.001452319	17.49461	17.14751	-0.876178876545551
378	0	0.7499645720236	0.744186	0.001262842	17.86989	17.52126	-1.3758112416426
379	0	0.726135016884655	0.7267442	0.002011923	17.72293	17.34103	-1.14061235722074
37	0	0.741977040912025	0.7005814	0.001032203	17.64431	17.41476	-0.914551034040384
380	0	0.683762116590515	0.7354651	0.001417501	17.65402	17.2855	-0.685364608978204
381	0	0.695788574800827	0.744186	0.001050342	17.49024	17.13435	-1.13103559915975
382	0	0.707561570638791	0.7616279	0.0009743067	17.76077	17.42886	-1.35566302219809
383	0	0.69531142199412	0.7412791	0.001112481	17.54688	17.16943	-0.87225990373521
384	0	0.715677122422494	0.7267442	0.0008885904	17.56205	17.1981	-0.975735659642351
385	0	0.730976482154801	0.7267442	0.001078955	17.79932	17.50342	-1.22313712299344
386	0	0.679438339849003	0.6656977	0.003132538	17.65046	17.2622	-0.858420800955309
387	0	0.741863112919964	0.7906977	0.001276722	17.88763	17.69844	-1.70556328323235
388	0	0.691037739557214	0.6918605	0.001954666	17.74785	17.45518	-1.17774270022301
389	0	0.727494886447676	0.747093	0.00168775	17.72217	17.42315	-1.44140092041556
38	0	0.69221649018582	0.7005814	0.001249206	17.73214	17.32192	-1.00123618656271
390	0	0.680839867820032	0.7122093	0.001335528	17.64246	17.18208	-0.658737828406772
391	0	0.652324892091565	0.630814	0.001707073	17.54526	17.15597	-0.935742577295545
392	0	0.670409851218574	0.7180233	0.001282405	17.6003	17.2014	-0.750412945404092
393	0	0.666482194303535	0.6918605	0.001841636	17.22655	17.03643	-0.881600481085697
394	0	0.71810894717928	0.7819767	0.001624055	17.81689	17.57976	-1.4105862733334
395	0	0.665071470383555	0.6686047	0.0009274288	17.64778	17.14187	-0.777488128543361
396	0	0.749633316905238	0.744186	0.0009276476	17.78354	17.49183	-1.32706926970574
397	0	0.734132098848931	0.7674419	0.0008448435	17.80797	17.51781	-1.27397244587387
398	0	0.686642140266486	0.6744186	0.001094419	17.48132	17.20849	-0.815091382484336
399	0	0.720514540467411	0.755814	0.001565839	17.72972	17.42038	-1.24831041314139
39	0	0.651494768331759	0.7151163	0.001382901	17.57946	17.17504	-0.718480923442693
3	0	0.694327849755064	0.6598837	0.001233681	17.40166	17.12958	-0.602150446625556
400	0	0.676462724385783	0.6482558	0.001410663	17.23999	16.96924	-0.225179445978814
401	0	0.690702190133743	0.7180233	0.000950974	17.64645	17.26804	-0.747757680623348
402	0	0.677961833612062	0.6511628	0.001106273	17.58327	17.20786	-0.867343664821018
403	0	0.680219492595643	0.7616279	0.001700307	17.65165	17.2803	-1.07067799538698
404	0	0.724637189437635	0.6715116	0.001700259	17.60742	17.22041	-0.491563916721895
405	0	0.706171491416171	0.6918605	0.001348117	17.7989	17.44791	-1.33860309380709
406	0	0.722450425196439	0.7354651	0.001559391	17.82384	17.44652	-0.988401649891304
407	0	0.737165575521067	0.6860465	0.001474555	17.59893	17.35492	-1.1840097568428
408	0	0.691351062059402	0.6802326	0.001548365	17.66592	17.30766	-1.02787870423868
409	0	0.673971603484824	0.7151163	0.00280408	17.61607	17.23585	-0.871214608592845
40	0	0.748086692066863	0.75	0.0014191	17.69864	17.27786	-1.1537999403794
410	0	0.729484685487114	0.7616279	0.001138051	17.94194	17.60752	-1.45020915938539
411	0	0.65245932538528	0.7122093	0.001648644	17.05033	17.08703	-0.624193363434832
412	0	0.733726186142303	0.7296512	0.001457544	17.9151	17.57508	-1.85782259236392
413	0	0.71035026954487	0.75	0.000914679	17.77023	17.46258	-1.06508214893856
414	0	0.700541931041516	0.5610465	0.001542637	17.60681	17.10134	-0.619789493592858
415	0	0.710108063579537	0.7732558	0.001733164	17.59285	17.27254	-1.16211103474062
416	0	0.66487253527157	0.6133721	0.001664096	17.62659	17.24472	-0.833390395558965
417	0	0.661376669164747	0.6424419	0.001684526	17.61273	17.28012	-0.90464484844429
418	0	0.653545117424801	0.7180233	0.002288285	17.55549	17.10869	-0.760071715692772
419	0	0.680919133778662	0.7005814	0.001212478	17.58505	17.22679	-0.99066615883755
41	0	0.699226069590077	0.6860465	0.001717907	17.72342	17.37783	-0.90370616491276
420	0	0.660959998937324	0.630814	0.001482462	17.31252	17.04592	-0.518213443510115
421	0	0.714600235945545	0.6511628	0.0007113936	17.42802	17.12141	-0.777750214390603
422	0	0.736616130988114	0.7296512	0.001276185	17.79001	17.50758	-1.24594482330368
423	0	0.742155682691373	0.6773256	0.0008903936	17.66789	17.32701	-1.25931987340525
424	0	0.747795824683271	0.7761628	0.0009019173	17.79811	17.49596	-1.27915875215865
425	0	0.689437731634825	0.7790698	0.001399005	17.65608	17.37974	-0.820011502819266
426	0	0.719100161711685	0.7034884	0.001173388	17.75877	17.46576	-1.12644547703318
427	0	0.665746751613915	0.6395349	0.001088891	17.65773	17.33584	-0.875457861605774
428	0	0.663468720577657	0.6482558	0.002674207	17.57933	17.20141	-0.918407493677081
429	0	0.723645864217542	0.7645349	0.0008936656	17.78929	17.49623	-1.29960758920727
42	0	0.653596651577391	0.7034884	0.001253193	17.6428	17.3129	-0.948488269532075
430	0	0.65399775353726	0.7005814	0.00130031	17.38683	17.07237	-1.00672857210696
431	0	0.655994685017504	0.5697674	0.001903312	16.7959	16.79478	-0.161220679821841
432	0	0.733919475437142	0.6686047	0.002025731	17.541	17.1769	-0.7368402731141
433	0	0.726992054958828	0.7034884	0.0009503847	17.66294	17.33249	-0.970720608154698
434	0	0.659111146186478	0.7238372	0.001326578	17.84864	17.50354	-1.30237957432976
435	0	0.728806142089888	0.7093023	0.001173595	17.77697	17.50529	-1.14517890191629
436	0	0.715443239547312	0.6889535	0.0008685969	17.54118	17.15251	-1.14069151365161
437	0	0.686641708575189	0.6046512	0.001236841	17.23534	17.04221	-0.867257999372617
438	0	0.650697563681751	0.6802326	0.001365801	17.11051	17.02817	-0.711358672599854
439	0	0.682219852390699	0.7616279	0.001515881	17.71459	17.34714	-1.09043932489005
43	0	0.701033475296572	0.7209302	0.001665521	17.50895	17.14152	-0.897180348220767
440	0	0.734413857921027	0.7325581	0.001680626	17.72511	17.40677	-1.03806925320442
441	0	0.715819559432566	0.6947674	0.001156369	17.73871	17.40573	-1.31284345910961
442	0	0.704306223918684	0.752907	0.001431966	17.74187	17.47419	-1.38005067704526
443	0	0.655387874157168	0.6802326	0.001185613	17.5211	17.12806	-0.691687392091881
444	0	0.737351533723995	0.7151163	0.001540146	17.61344	17.27804	-0.934477709522534
445	0	0.693368744105101	0.6133721	0.001074796	17.62722	17.25902	-0.681403643266071
446	0	0.669209543638863	0.7034884	0.001886608	17.62503	17.2665	-1.10245342093194
447	0	0.687610224471428	0.6656977	0.001486707	17.2273	17.04519	-0.798510176296015
448	0	0.665198404621333	0.6424419	0.001210016	17.59839	17.17312	-0.531083822623947
449	0	0.723396594729275	0.7296512	0.001458442	17.72802	17.49969	-1.50608598323488
44	0	0.680457565723918	0.7005814	0.001125094	17.65036	17.18807	-0.822981701414174
450	0	0.659404730168171	0.6453488	0.001401559	17.58326	17.05188	-0.675554237699588
451	0	0.695795085094869	0.6627907	0.0013136	17.59938	17.22351	-0.928344293371241
452	0	0.660382868186571	0.627907	0.001067039	17.47677	17.15067	-0.713802160845825
453	0	0.659335639374331	0.7093023	0.001397772	17.73555	17.35555	-0.804493210263377
454	0	0.733175437198952	0.7005814	0.001186682	17.57258	17.16169	-0.467466482813688
455	0	0.74661469804123	0.7383721	0.001643067	17.88064	17.61384	-1.57370508967697
456	0	0.666360805602744	0.747093	0.001414672	17.54771	17.21488	-1.11032023146817
457	0	0.749493472417816	0.747093	0.0009254058	17.75954	17.50129	-1.47018465870431
458	0	0.69289593254216	0.6686047	0.001214542	17.79596	17.52272	-1.43895471300075
459	0	0.706484872172587	0.7383721	0.000886189	17.63156	17.34801	-0.769987104334205
45	0	0.740975789166987	0.7238372	0.002018396	17.85136	17.53715	-1.76121678262566
460	0	0.67862065769732	0.5843023	0.001775972	17.54089	17.16055	-0.817546954958098
461	0	0.710394401848316	0.7093023	0.001463465	17.61203	17.28643	-1.21838499634038
462	0	0.714000799343921	0.7034884	0.001885977	17.7487	17.42458	-0.958296877541058
463	0	0.681394274439663	0.6569767	0.0009914526	17.67806	17.29564	-0.854782014183868
464	0	0.652763822977431	0.6686047	0.001276376	17.44548	17.12053	-0.811589513381862
465	0	0.688811838044785	0.6889535	0.001196234	17.2997	17.12452	-0.681819779279677
466	0	0.728571037645452	0.7761628	0.001435521	17.8185	17.55863	-1.2775002982682
467	0	0.673120862036012	0.755814	0.001673187	17.58898	17.31612	-0.970719187013248
468	0	0.721455658157356	0.7354651	0.0008908936	17.67461	17.39309	-1.07123167954047
469	0	0.686142987478524	0.625	0.002189437	17.26097	17.01377	-0.826953200680385
46	0	0.678276786254719	0.6947674	0.001427072	17.6929	17.35161	-1.26358157530107
470	0	0.709603398758918	0.7325581	0.001823591	17.69153	17.33987	-1.07039351736621
471	0	0.692444764752872	0.7790698	0.001512541	17.63002	17.32441	-1.06296920795334
472	0	0.677335539506748	0.7209302	0.001693028	17.31932	17.16754	-0.75690185728614
473	0	0.718220608355477	0.7267442	0.001424572	17.7321	17.42331	-0.993717594084803
474	0	0.661380750336684	0.5872093	0.0007112607	17.60854	17.228	-0.83102785362368
475	0	0.660449706413783	0.6162791	0.001384726	17.56002	17.18516	-0.62147572941131
476	0	0.669750222773291	0.6715116	0.0009489221	17.62806	17.23136	-0.915340073715888
477	0	0.687544586043805	0.7267442	0.001081299	17.66762	17.27517	-1.2199681598359
478	0	0.672370979352854	0.6656977	0.001507097	17.62953	17.29285	-0.778102666354429
479	0	0.74406043717172	0.7296512	0.001102848	17.75864	17.41444	-1.12846019552925
47	0	0.700952683552168	0.6453488	0.00123978	17.6544	17.24917	-1.10207385053844
480	0	0.729348530829884	0.6656977	0.001239077	17.73386	17.51599	-1.49621749045126
481	0	0.672956183319911	0.7325581	0.0009265723	17.659	17.28875	-0.900907760975998
482	0	0.653181693074293	0.6656977	0.000949926	17.54765	17.19345	-0.684673352516107
483	0	0.727809210284613	0.7034884	0.001686724	17.72509	17.38071	-1.12274585598873
484	0	0.663307363842614	0.5930233	0.001591584	17.1573	16.97245	-0.465323134591467
485	0	0.728897563717328	0.8313953	0.0008404221	17.8829	17.55328	-1.3687511537506
486	0	0.714977683476172	0.6482558	0.002099775	17.58274	17.18984	-0.575931069835151
487	0	0.673731357860379	0.7093023	0.0009094095	17.59394	17.18074	-0.90622610304873
488	0	0.651334652956575	0.5901163	0.001270444	17.59338	17.27225	-0.988224352805441
489	0	0.682710540154949	0.6715116	0.001194803	17.61696	17.2568	-0.636145281459719
48	0	0.67633373355493	0.6860465	0.0009370316	17.7028	17.365	-0.937555171670311
490	0	0.665639511938207	0.6511628	0.001497467	17.5936	17.1755	-0.79645978737758
491	0	0.689430680009536	0.7151163	0.001270365	17.61692	17.21994	-1.14013703107135
492	0	0.661590661271475	0.6511628	0.001774261	17.47521	17.16975	-0.945427389719504
493	0	0.748663184395991	0.8110465	0.0005955598	17.79804	17.47843	-1.30170990436873
494	0	0.724347128625959	0.744186	0.001215566	17.76541	17.35094	-1.26330037777486
495	0	0.747899121558294	0.7122093	0.001388658	17.5633	17.19721	-0.900226047962758
496	0	0.708826701994985	0.6686047	0.0009216085	17.65975	17.30553	-0.969375776513998
497	0	0.681257335701957	0.6162791	0.001531988	17.6167	17.21682	-0.897009553165539
498	0	0.685800277045928	0.6802326	0.0009571781	17.78578	17.35506	-0.960540835890903
499	0	0.686622141418047	0.7325581	0.00158758	17.52866	17.2134	-0.671741317132605
49	0	0.695333628868684	0.6773256	0.001245977	17.47723	17.1805	-1.00050522996606
4	0	0.707069127890281	0.6976744	0.001075194	17.70074	17.31937	-0.979579373311867
500	0	0.726036375574768	0.752907	0.00128328	17.78538	17.61437	-1.38789242733829
501	0	0.740274322056212	0.75	0.0007138901	17.82259	17.4751	-1.25361985064499
502	0	0.712113102059811	0.6918605	0.001653268	17.69436	17.33866	-1.17227523447431
503	0	0.658447247277945	0.6453488	0.001117537	17.55283	17.15939	-0.607452844554259
504	0	0.664116153889336	0.6424419	0.001930523	17.24074	17.0269	-0.39853021084232
505	0	0.687982068187557	0.6133721	0.001881823	17.70766	17.39457	-0.849031217123305
506	0	0.710487046372145	0.6395349	0.001388358	17.50823	17.21029	-1.0414799560166
507	0	0.700696274102665	0.6773256	0.001714133	17.60515	17.27628	-1.11321261190112
508	0	0.670618077833205	0.6162791	0.001439867	17.25874	16.97394	-0.490498293882162
509	0	0.715219376422465	0.6511628	0.001107307	17.65147	17.32916	-1.11265739395478
50	0	0.735303580225445	0.8110465	0.001434149	17.86635	17.52701	-1.37286512698293
510	0	0.701362332282588	0.6540698	0.001074543	17.56406	17.22253	-0.835824947736
511	0	0.69797576747369	0.6860465	0.001067297	17.70944	17.31725	-1.0336368110429
512	0	0.71798186074011	0.6889535	0.001157167	17.60248	17.25037	-0.731518055199408
513	0	0.658747443603352	0.7063953	0.001105069	17.4875	17.12991	-0.898079736826634
514	0	0.713513206667267	0.6918605	0.001649689	17.7732	17.39384	-1.40782136933667
515	0	0.745502959890291	0.7761628	0.001085008	17.98096	17.75629	-1.95982675130057
516	0	0.720031729969196	0.6947674	0.001655741	17.63891	17.25246	-1.26300696119645
517	0	0.667428903561086	0.630814	0.001793412	17.55629	17.15457	-0.696173980286626
518	0	0.706563219544478	0.6744186	0.001165641	17.71741	17.39387	-1.12421529883584
519	0	0.714402112783864	0.6656977	0.001740369	17.64898	17.27584	-1.01745990278859
51	0	0.675659704837017	0.6860465	0.001569761	17.68607	17.3057	-0.951450622353314
520	0	0.668620638060384	0.7063953	0.001664557	17.73408	17.343	-0.808094735143059
521	0	0.674329877388664	0.6598837	0.0009661303	17.29625	17.09862	-1.14036132948306
522	0	0.685275690979324	0.6802326	0.0009811503	17.34511	17.17989	-0.736091987436962
523	0	0.6909191070823	0.7267442	0.001155856	17.58583	17.27942	-0.937527317096333
524	0	0.720792661025189	0.7034884	0.001364912	17.57746	17.25997	-0.877051512601933
525	0	0.722537952591665	0.7616279	0.001276118	17.74266	17.39697	-1.16127146578036
526	0	0.713162970310077	0.6889535	0.002215001	17.66355	17.2565	-0.881966516562581
527	0	0.674662009323947	0.6860465	0.00153985	17.61637	17.26451	-0.886048226371433
528	0	0.650212834123522	0.6511628	0.001659009	17.28181	17.03198	-0.500625994467226
529	0	0.73451840733178	0.7063953	0.001447627	17.55412	17.20144	-0.68123648385454
52	0	0.727755813277327	0.7412791	0.001123326	17.5836	17.20112	-0.801900218775681
530	0	0.749868372711353	0.7267442	0.001598778	17.83807	17.53214	-1.25927423306468
531	0	0.665278273075819	0.6976744	0.001869887	17.428	17.05465	-0.490924353977079
532	0	0.659623383078724	0.6918605	0.001307226	17.49897	17.13361	-0.608930746807437
533	0	0.666024235868827	0.7703488	0.00153075	17.62	17.22062	-0.648195436716729
534	0	0.698779941746034	0.7383721	0.00103833	17.75962	17.41963	-1.40018583429752
535	0	0.709525802196003	0.7005814	0.001533598	17.81511	17.47664	-1.14101496811858
536	0	0.714616652578115	0.6715116	0.001107662	17.69033	17.30783	-0.958566614559201
537	0	0.683767517819069	0.5610465	0.001627415	16.86305	16.85699	-0.534458350649058
538	0	0.749373644567095	0.744186	0.001672234	17.77049	17.50425	-1.10893494043014
539	0	0.742180529492907	0.6860465	0.001036355	17.74437	17.38168	-1.03100526238453
53	0	0.735712666064501	0.7790698	0.001550419	17.81634	17.54759	-1.18048134259326
540	0	0.681466211052612	0.6889535	0.001793278	17.59601	17.14022	-0.853445166444876
541	0	0.66339244034607	0.6715116	0.001628064	17.0696	17.00877	-0.442858332624894
542	0	0.74648839822039	0.6569767	0.00145605	17.75083	17.40146	-1.02850124832368
543	0	0.661042324686423	0.6569767	0.001943992	17.63627	17.24099	-0.839037352822309
544	0	0.688417610875331	0.6337209	0.001716128	17.48155	17.10258	-0.684621580710909
545	0	0.654101687693037	0.6366279	0.002137921	16.99556	16.88812	-0.334239984598449
546	0	0.70855562731158	0.7063953	0.002142656	17.72069	17.43516	-1.11965759248151
547	0	0.66884769264143	0.6656977	0.001364127	17.64136	17.26127	-0.822755749262759
548	0	0.706590891652741	0.7209302	0.001391785	17.67743	17.2618	-0.884410523004416
549	0	0.694784467946738	0.7848837	0.002015374	17.73971	17.4531	-1.34692765466041
54	0	0.701815324649215	0.752907	0.001543403	17.61366	17.26278	-1.16790353304389
550	0	0.695710737258196	0.6889535	0.0008539728	17.77436	17.46314	-0.846619248829367
551	0	0.679945323546417	0.6569767	0.001415934	17.47658	17.1564	-0.66737993991911
552	0	0.697887200699188	0.6104651	0.001341535	17.68727	17.30985	-1.04301965191882
553	0	0.673403190099634	0.6627907	0.001418091	17.57365	17.18881	-1.10311952677737
554	0	0.723178108315915	0.8081395	0.0009972894	17.82687	17.48527	-1.16230794142253
555	0	0.676921463641338	0.6337209	0.001191584	17.3477	17.10061	-0.731786088767226
556	0	0.734838531189598	0.7412791	0.001187071	17.87102	17.56123	-1.51517433052271
557	0	0.749768139817752	0.7267442	0.001262782	17.79376	17.43512	-1.06931471449984
558	0	0.704263408016413	0.744186	0.00180844	17.67195	17.41423	-0.976721996015739
559	0	0.680749079026282	0.7093023	0.001391562	17.65901	17.22045	-0.781936222976951
55	0	0.74139578116592	0.7267442	0.001089347	17.79399	17.48278	-1.70358546589304
560	0	0.733940132544376	0.6976744	0.0008898711	17.67865	17.32074	-1.18891030501187
561	0	0.653905305522494	0.744186	0.001512869	17.63786	17.23916	-1.13472088810556
562	0	0.678713132534176	0.6046512	0.001561322	17.24596	17.10054	-0.852519602729934
563	0	0.723892377875745	0.627907	0.0009943654	17.63581	17.14907	-0.71185956491062
564	0	0.72427153957542	0.7790698	0.001014214	17.81533	17.5993	-1.19678149328373
565	0	0.700552778178826	0.7936047	0.001450227	17.79011	17.40605	-1.27504431407976
566	0	0.722594036813825	0.6918605	0.001202136	17.6319	17.25147	-0.93328741853752
567	0	0.72735446144361	0.5959302	0.001524683	17.39168	17.08176	-0.75655311598888
568	0	0.690912485914305	0.6715116	0.001469974	17.55389	17.31226	-0.76274802672325
569	0	0.671893542329781	0.7238372	0.001418536	17.57387	17.16196	-0.927071043219474
56	0	0.660766913322732	0.6424419	0.001288885	17.56316	17.19665	-0.670395641988036
570	0	0.720113836694509	0.6773256	0.001332568	17.65341	17.30242	-1.05759800478044
571	0	0.65590309209656	0.5465116	0.001875936	17.15664	16.99303	-0.653842575197489
572	0	0.697738589928485	0.7877907	0.001702712	17.56404	17.1139	-0.687735382131642
573	0	0.676094733574428	0.6802326	0.001020912	17.15512	17.00832	-0.572536549182175
574	0	0.713217367650941	0.6802326	0.001171008	17.69722	17.39603	-1.04203369441352
575	0	0.722448597778566	0.6860465	0.001353535	17.72415	17.38798	-1.31819997911353
576	0	0.72966394063551	0.7790698	0.001055382	17.70456	17.40986	-0.796908650348438
577	0	0.666110801207833	0.6540698	0.001834389	17.55685	17.21179	-0.886721813640614
578	0	0.734281271998771	0.744186	0.001048739	17.70851	17.43002	-1.43250906950249
579	0	0.674286098661833	0.7034884	0.0009597441	17.73761	17.42139	-1.13265467769601
57	0	0.665016241907142	0.6918605	0.001648751	17.49909	17.11213	-0.597702593261229
580	0	0.680857419315726	0.7122093	0.001354909	17.56592	17.13755	-0.729139260806744
581	0	0.673497620900162	0.6918605	0.00116908	17.70508	17.31315	-1.07484299212786
582	0	0.706349230278283	0.7180233	0.001156495	17.71224	17.38207	-0.609856349202071
583	0	0.724185151048005	0.7005814	0.000910337	17.75511	17.37639	-1.15320428077642
584	0	0.725306846317835	0.6802326	0.001737854	17.61252	17.2953	-0.799356139190661
585	0	0.739518613973632	0.7093023	0.001203623	17.72581	17.45509	-1.07333891288437
586	0	0.736231538490392	0.7848837	0.00156702	17.86229	17.6693	-1.79799155430177
587	0	0.690275188954547	0.6889535	0.001629757	17.12099	17.03178	-0.814671205597564
588	0	0.652208295557648	0.6976744	0.001569393	17.51328	17.13248	-1.09219694578585
589	0	0.671267156954855	0.7703488	0.001592123	17.74217	17.49953	-1.56210678239768
58	0	0.737462423346005	0.7587209	0.001086965	17.8018	17.56644	-1.10245246352939
590	0	0.749576905765571	0.744186	0.0008647046	17.70455	17.43781	-1.04963525838913
591	0	0.654958966933191	0.6686047	0.00183451	17.22627	17.0812	-0.814802892353344
592	0	0.661991523392499	0.6802326	0.001158671	17.63816	17.23911	-0.814585427757078
593	0	0.705589748942293	0.7093023	0.001721318	17.72337	17.35672	-0.955329200868093
594	0	0.72973584420979	0.6831395	0.001114383	17.62582	17.25685	-0.925268715693451
595	0	0.714964832435362	0.7209302	0.001141973	17.69951	17.35724	-0.93703445587421
596	0	0.726533937873319	0.6831395	0.001069652	17.70909	17.28854	-1.10085934125633
597	0	0.740335750672966	0.7936047	0.001138692	17.83425	17.51187	-1.44509631504298
598	0	0.658723302744329	0.5552326	0.00155484	17.44564	17.11927	-0.629256094627943
599	0	0.650298163667321	0.6686047	0.001453143	17.55055	17.12929	-0.772793333174622
59	0	0.66696640769951	0.7412791	0.001020306	17.65258	17.3009	-1.2231742738375
5	0	0.676680244226009	0.7296512	0.001581809	17.72362	17.3483	-1.36130014045332
600	0	0.744881257088855	0.744186	0.001346696	17.70011	17.41524	-1.07311660537793
601	0	0.744660298177041	0.7703488	0.0009239234	17.89337	17.60167	-1.29982199246277
602	0	0.669802181981504	0.6569767	0.0009125878	17.7455	17.40119	-0.942024630183123
603	0	0.746937012858689	0.7325581	0.001147766	17.82106	17.53256	-1.57377835748203
604	0	0.651967385527678	0.6715116	0.001212316	17.69856	17.36034	-0.972809970919184
605	0	0.742670546821319	0.7209302	0.0008244162	17.82985	17.51291	-1.5470424921826
606	0	0.659520670352504	0.630814	0.001529721	17.33808	17.05117	-0.480224133872821
607	0	0.697953648585826	0.6831395	0.002163761	17.78739	17.44233	-1.13950983693371
608	0	0.734560740063898	0.7005814	0.001044998	17.70423	17.30675	-1.35999074848214
609	0	0.732568878121674	0.6773256	0.0007147759	17.76372	17.46121	-1.37846845227961
60	0	0.657301047747023	0.6715116	0.001278389	17.71307	17.3485	-0.816738135711374
610	0	0.747288572601974	0.7238372	0.001150202	17.7844	17.45189	-0.971987538369739
611	0	0.701926349452697	0.7238372	0.001220153	17.78898	17.3679	-0.908996089377169
612	0	0.720439745113254	0.6656977	0.001298418	17.48245	17.19317	-0.876279136733654
613	0	0.682896725065075	0.6104651	0.001807303	17.55212	17.0926	-0.448124191605846
614	0	0.691593840927817	0.6860465	0.002391869	17.62917	17.27059	-1.0203703921005
615	0	0.733064238564111	0.7383721	0.0008950364	17.70382	17.36088	-0.905515539494458
616	0	0.671249000355601	0.752907	0.001098915	17.72258	17.33425	-0.991058104794287
617	0	0.669288455229253	0.7151163	0.001122762	17.61278	17.24352	-1.15938647969142
618	0	0.665694385906681	0.7209302	0.00113997	17.78908	17.53089	-1.41535747697738
619	0	0.733333043497987	0.6656977	0.0009825234	17.72088	17.45281	-1.13644779102276
61	0	0.734746162849478	0.8168605	0.001453611	17.80404	17.52977	-1.53708226138036
620	0	0.70832892281469	0.7412791	0.001190836	17.75995	17.46704	-1.21702816218003
621	0	0.697243231721222	0.6424419	0.001331341	17.37485	17.07853	-0.456147391163727
622	0	0.746538753341883	0.7209302	0.001339281	17.77967	17.4411	-1.54052402998701
623	0	0.660372417815961	0.6744186	0.001423895	17.29135	17.0832	-0.596400240412939
624	0	0.666794812120497	0.7383721	0.001573917	17.40345	17.22338	-1.2136399475503
625	0	0.704955878737383	0.7005814	0.001644723	17.64582	17.28234	-0.840185356104652
626	0	0.74206278626807	0.75	0.001210902	17.78165	17.55318	-1.17539611226498
627	0	0.690158426179551	0.6482558	0.00138538	17.45875	17.18133	-0.558543416690948
628	0	0.700469881319441	0.6424419	0.001870225	17.47064	17.11121	-0.35075079194298
629	0	0.739181442256086	0.7936047	0.001245547	17.77633	17.45472	-1.06616682608708
62	0	0.708594229724258	0.6686047	0.001544806	17.64682	17.24721	-0.805233372951349
630	0	0.728836764371954	0.7034884	0.001218496	17.67486	17.29437	-1.05756143101578
631	0	0.735055095213465	0.8226744	0.0008395528	17.83433	17.52747	-1.67897935752379
632	0	0.718981814780273	0.7674419	0.002089144	17.7778	17.48259	-1.07915263333242
633	0	0.671496340702288	0.6395349	0.001186362	17.25227	17.02428	-0.759660240749932
634	0	0.668749591521919	0.6773256	0.001626436	17.6888	17.31592	-1.05055227358242
635	0	0.720771923917346	0.6947674	0.001599912	17.73439	17.32423	-1.20103341894197
636	0	0.698314403416589	0.6947674	0.001610217	17.64941	17.15518	-0.764230338830713
637	0	0.727122224099003	0.6424419	0.001469658	17.74227	17.40641	-1.16165308393917
638	0	0.668906517419964	0.6598837	0.001315156	17.6284	17.24819	-1.19907721511336
639	0	0.710528756235726	0.7412791	0.001134384	17.77066	17.45957	-1.0879760193207
63	0	0.655304551823065	0.6075581	0.00133517	17.60463	17.09215	-0.828124036662653
640	0	0.71778608916793	0.747093	0.0008523389	17.7873	17.42985	-1.25457340188613
641	0	0.68631994635798	0.6802326	0.001902874	17.663	17.31515	-0.939624363442887
642	0	0.703652494447306	0.7906977	0.002159361	17.80879	17.51858	-1.20897159930784
643	0	0.702776181790978	0.6889535	0.001394838	17.43579	17.07675	-0.45520158251137
644	0	0.68810643190518	0.6453488	0.001602627	17.67692	17.25984	-1.05242330024465
645	0	0.716903534927405	0.7761628	0.001285378	17.83031	17.50683	-1.28253410192258
646	0	0.673862910177559	0.7383721	0.002078442	17.63264	17.27038	-0.686167931748925
647	0	0.732148726820014	0.6976744	0.001197056	17.7143	17.37818	-1.20279573041809
648	0	0.748250998463482	0.7180233	0.001085702	17.90984	17.66001	-1.51912940593262
649	0	0.723582965298556	0.752907	0.001693186	17.74009	17.34684	-1.01229100636904
64	0	0.695858246088028	0.6860465	0.00196976	17.71014	17.28826	-0.878347526886289
650	0	0.716229266487062	0.7238372	0.001171635	17.72755	17.45363	-1.11153215523454
651	0	0.740546546294354	0.7383721	0.000902771	17.69239	17.30871	-0.928643163621768
652	0	0.677255697292276	0.6686047	0.001062453	17.59611	17.23214	-1.09575882426747
653	0	0.730247461260296	0.8052326	0.001076075	17.85799	17.66752	-1.58314765254587
654	0	0.659977342677303	0.5784884	0.001199986	17.45784	17.20404	-0.945794696115824
655	0	0.74523686922621	0.7877907	0.001168399	17.77925	17.47385	-1.14480504117982
656	0	0.661799046490341	0.6569767	0.001711405	17.54042	17.12193	-0.394171848203838
657	0	0.679536766256206	0.7587209	0.001241871	17.71156	17.27704	-0.951917209079917
658	0	0.701655641989782	0.6889535	0.00112157	17.77634	17.45919	-1.30632906188712
659	0	0.659570617228746	0.627907	0.001033618	17.33587	17.05959	-0.42594988952472
65	0	0.739225366595201	0.7151163	0.001047124	17.82269	17.59929	-1.33252475801155
660	0	0.696181156602688	0.6715116	0.001894232	17.66352	17.30476	-0.909879452508562
661	0	0.655268483492546	0.6802326	0.001150146	17.33577	17.04762	-0.508029299558146
662	0	0.743060696753673	0.6860465	0.001005446	17.74254	17.45183	-0.898422028589817
663	0	0.717940651462413	0.6686047	0.001319787	17.71642	17.3827	-0.973969040765343
664	0	0.672393701667897	0.6744186	0.000975354	17.59452	17.20488	-1.13383883245801
665	0	0.744633803889155	0.7616279	0.001730296	17.87497	17.61473	-1.3611507372062
666	0	0.705000134790316	0.6744186	0.0008725328	17.71006	17.33634	-0.864152087792758
667	0	0.731921941274777	0.7296512	0.001345774	17.7086	17.34803	-0.993682009436982
668	0	0.694643990299664	0.6860465	0.001147743	17.60676	17.18963	-0.664645166882779
669	0	0.673646440031007	0.6918605	0.001622608	17.75989	17.30299	-0.824806879042714
66	0	0.744494601036422	0.75	0.001042987	17.82984	17.52338	-1.32455333894785
670	0	0.704580691200681	0.752907	0.001282133	17.55575	17.19543	-0.708648657152048
671	0	0.749211024353281	0.7761628	0.000941052	17.76035	17.50152	-1.18685046190229
672	0	0.680295816599391	0.6598837	0.001169348	17.67122	17.30517	-0.875658408820144
673	0	0.705766351195052	0.7616279	0.001333634	17.77998	17.4181	-0.989833645813652
674	0	0.692303224396892	0.7005814	0.001219669	17.4189	17.13354	-0.735901577412725
675	0	0.694948344025761	0.6337209	0.001121962	17.45951	17.20798	-0.977739517589134
676	0	0.734258783352561	0.7732558	0.001110232	17.40306	17.16035	-0.967933431909291
677	0	0.711003756849095	0.7180233	0.001111164	17.65209	17.32612	-1.35522832388337
678	0	0.745887731085531	0.744186	0.0008135053	17.88625	17.55078	-1.60134999092109
679	0	0.721911205840297	0.7180233	0.000801091	17.66968	17.26045	-1.17557076656315
67	0	0.683139321161434	0.6133721	0.001250642	17.61119	17.12764	-0.918790685751001
680	0	0.735235170810483	0.6686047	0.0009372989	17.85379	17.46779	-1.2176802123716
681	0	0.679627229319885	0.7093023	0.001285023	17.5973	17.16606	-0.774069340621734
682	0	0.709799212985672	0.6744186	0.0009652417	17.61118	17.18908	-0.841264179136401
683	0	0.656398932868615	0.7063953	0.001098595	17.58428	17.28248	-1.1285668786202
684	0	0.702182183833793	0.6366279	0.001429463	17.64445	17.27543	-1.04381977553602
685	0	0.692342375428416	0.7063953	0.001512179	17.76633	17.46993	-0.883258133948083
686	0	0.724279930512421	0.7616279	0.001625505	17.64692	17.29459	-0.951128623716415
687	0	0.67886310024187	0.630814	0.001135187	17.48039	17.03886	-0.616989898965766
688	0	0.727648845221847	0.7674419	0.001072669	17.7938	17.41712	-1.3225965488551
689	0	0.686357497517019	0.6337209	0.0009836129	17.29953	16.99544	-0.574034114202222
68	0	0.673398764035665	0.6598837	0.000981557	17.6194	17.22973	-0.644730881865829
690	0	0.741042772284709	0.7354651	0.001699847	17.79562	17.50198	-1.21854615902668
691	0	0.731314774183556	0.6627907	0.001947183	17.68347	17.34457	-0.972883558729518
692	0	0.671564335213043	0.7296512	0.001299461	17.60955	17.21876	-0.815018193600983
693	0	0.677564780553803	0.5668605	0.001873895	16.93178	16.94213	-0.582750578278726
694	0	0.695455391332507	0.7063953	0.001780307	17.73181	17.39802	-1.08806119316092
695	0	0.652574683842249	0.627907	0.002039951	17.59276	17.2652	-0.691371722060701
696	0	0.693615582212806	0.6976744	0.001213627	17.67768	17.283	-0.979899009612515
697	0	0.653055085614324	0.627907	0.001882486	17.63189	17.12523	-0.4538585934929
698	0	0.71505225521978	0.755814	0.001968582	17.85438	17.53652	-1.22734982197904
699	0	0.678974677505903	0.6656977	0.001261229	17.50707	17.15419	-0.783715942737432
69	0	0.70438856058754	0.755814	0.001184383	17.81446	17.54646	-1.22008804352615
6	0	0.724277112097479	0.6918605	0.001301829	17.79282	17.49471	-1.3004796166172
700	0	0.66511518934276	0.6918605	0.001234326	17.44454	17.13537	-0.890830464348356
701	0	0.74413535434287	0.7034884	0.001436764	17.80655	17.52845	-1.3711267357255
702	0	0.711665933649056	0.7151163	0.001325442	17.69474	17.30689	-0.744618904185411
703	0	0.727377433492802	0.7151163	0.001170551	17.83533	17.58544	-1.20310553873323
704	0	0.654893677076325	0.6627907	0.001302006	17.25874	17.025	-0.503846451480877
705	0	0.659841176401824	0.6598837	0.001762963	17.4486	17.11199	-0.688073239670253
706	0	0.725530457845889	0.7877907	0.001104174	18.0138	17.81366	-1.87762031369543
707	0	0.733932976867072	0.7587209	0.001069685	17.67492	17.36572	-1.10926601638499
708	0	0.726075139944442	0.744186	0.001094746	17.77045	17.39253	-1.47169079407586
709	0	0.688369643641636	0.6627907	0.00170699	17.64403	17.29788	-0.914628120479999
70	0	0.676462830929086	0.7151163	0.001129319	17.61087	17.19511	-1.00001435473553
710	0	0.722747755539604	0.7063953	0.001236092	17.73393	17.4091	-1.0779472376178
711	0	0.702866299473681	0.6889535	0.001445072	17.7303	17.3896	-1.0920910031023
712	0	0.687826664396562	0.7122093	0.001480319	17.65549	17.26859	-1.1055461831147
713	0	0.661217000312172	0.6598837	0.001532331	17.58561	17.20114	-0.810366991660294
714	0	0.652820209995843	0.6976744	0.001525951	17.63756	17.35551	-1.08051776735536
715	0	0.70608591188211	0.752907	0.001163134	17.49885	17.23812	-0.784045048993162
716	0	0.708105757669546	0.747093	0.001076995	17.0934	17.03324	-0.80155403253807
717	0	0.697342192940414	0.7383721	0.001539623	17.56328	17.22769	-0.686403381250682
718	0	0.673787199426442	0.6395349	0.001330576	17.6765	17.30633	-1.03648628781322
719	0	0.719266808498651	0.7412791	0.001202364	17.72772	17.40675	-1.07400923109136
71	0	0.698624239698984	0.6947674	0.00124984	17.69475	17.31498	-0.821645169106371
720	0	0.745709141599946	0.7296512	0.001443583	17.79493	17.4945	-1.51035163036363
721	0	0.661296187667176	0.6569767	0.001062331	16.91194	16.98209	-0.681574450834066
722	0	0.686165058636107	0.6889535	0.001055843	17.62829	17.24157	-0.777666329719187
723	0	0.68765022479929	0.6540698	0.001477694	17.29296	17.10181	-0.724882398724339
724	0	0.713563148514368	0.7180233	0.00109561	17.75571	17.43266	-1.24045822924389
725	0	0.739509599492885	0.755814	0.001202414	17.80382	17.4029	-0.968754080538325
726	0	0.686535217054188	0.6162791	0.001038751	17.39314	17.07985	-0.471314701357114
727	0	0.66191781880334	0.6482558	0.001435631	17.69336	17.26909	-1.32899624873554
728	0	0.731059008394368	0.744186	0.001046846	17.75354	17.47162	-1.2928517464094
729	0	0.724472250253893	0.6831395	0.001787094	17.62392	17.27728	-0.829659954813845
72	0	0.662025558156893	0.622093	0.00127065	17.65703	17.3125	-0.982170061688492
730	0	0.663957601157017	0.7005814	0.001323906	17.69149	17.35163	-0.851881511985183
731	0	0.712435796880163	0.6424419	0.001124842	17.50858	17.10394	-0.455004021909895
732	0	0.724775084829889	0.7936047	0.001352322	17.80227	17.42569	-1.15690017332871
733	0	0.74606502300594	0.7296512	0.001133488	17.69742	17.3372	-0.924788586037991
734	0	0.745642552548088	0.7936047	0.001214262	17.93413	17.58899	-1.41430003941488
735	0	0.703179193101823	0.6453488	0.001109111	17.61682	17.33737	-0.909943574254876
736	0	0.669714863388799	0.7122093	0.001497562	17.23892	17.12631	-0.893222454923085
737	0	0.729970218101516	0.6656977	0.001551365	17.69592	17.35408	-1.22339264321686
738	0	0.747048154869117	0.7645349	0.001625379	17.79215	17.46238	-1.42708934961918
739	0	0.741560971573927	0.7587209	0.001039603	17.9076	17.61291	-1.80734372909967
73	0	0.655276590841822	0.6075581	0.001496492	17.12929	16.96949	-0.522962509079557
740	0	0.722916192584671	0.7732558	0.001255175	17.80214	17.44933	-0.915872542446232
741	0	0.745764165697619	0.6802326	0.001341621	17.76875	17.35155	-0.766010051439668
742	0	0.67428736386355	0.6133721	0.00296244	17.60879	17.26167	-0.864465469491272
743	0	0.736673801997677	0.7412791	0.001271116	17.83912	17.52838	-1.16917886923171
744	0	0.675331279286183	0.6889535	0.00142372	17.29517	17.11268	-1.05074663732588
745	0	0.706920274649747	0.6831395	0.001257298	17.76265	17.45422	-1.43624816044099
746	0	0.722606984106824	0.7005814	0.0009901161	17.71354	17.43207	-1.03087559208865
747	0	0.671803915128112	0.625	0.001804245	17.57798	17.1449	-0.68165532388317
748	0	0.661689584841952	0.622093	0.001881811	17.03359	16.92437	-0.427929492929434
749	0	0.652425806899555	0.5959302	0.001863212	17.54511	17.14074	-0.758896491915005
74	0	0.672683769767173	0.7383721	0.001104478	17.72789	17.42051	-1.04470892009045
750	0	0.681964429048821	0.7296512	0.00151026	17.6409	17.25639	-1.12584758516452
751	0	0.651819261861965	0.619186	0.001558562	17.61	17.18111	-0.504106244087504
752	0	0.717785603669472	0.7267442	0.001175272	17.52701	17.21191	-0.775841596135662
753	0	0.652768727927469	0.6366279	0.001400624	17.13313	16.95918	-0.438923143760331
754	0	0.717322475486435	0.7151163	0.0016439	17.5675	17.3501	-1.00729115244781
755	0	0.707653041672893	0.6947674	0.002238246	17.72535	17.42717	-1.11728230364375
756	0	0.687463712389581	0.7238372	0.001192638	17.48861	17.12041	-0.495462780732989
757	0	0.672246383316815	0.7209302	0.001235254	17.67651	17.31713	-1.12367735661011
758	0	0.700897617591545	0.7325581	0.001307268	17.7683	17.4784	-1.30039212887956
759	0	0.739059865451418	0.75	0.001228309	17.82922	17.50838	-1.44615014625727
75	0	0.669215159048326	0.6598837	0.001960678	17.10615	16.93622	-0.259353587699326
760	0	0.658779671532102	0.6482558	0.002149857	16.99865	16.96998	-0.496493249451972
761	0	0.735203558579087	0.7703488	0.0008759609	17.74556	17.40255	-0.981528839147322
762	0	0.700649246340618	0.7093023	0.0009714018	17.68915	17.28674	-1.00725911031932
763	0	0.658838002081029	0.6133721	0.001596404	17.26594	17.01706	-0.891646692081378
764	0	0.695858342200518	0.7151163	0.001016354	17.71548	17.27952	-1.03777535225799
765	0	0.731062234193087	0.7034884	0.001470563	17.83611	17.55556	-1.48350783708459
766	0	0.697433430352248	0.6976744	0.001379721	17.69938	17.39113	-1.09501019646193
767	0	0.673742937133648	0.6715116	0.001387117	17.72597	17.43136	-1.34710075918438
768	0	0.745333049935289	0.8023256	0.001358338	17.87591	17.51511	-1.07592339140189
769	0	0.653813420725055	0.622093	0.002019116	17.58299	17.14833	-0.689012436375407
76	0	0.743814079090953	0.747093	0.001719894	17.73743	17.40721	-0.699997219372548
770	0	0.689098985586315	0.7034884	0.0007978428	17.70554	17.487	-1.37875752536543
771	0	0.65609655121807	0.6889535	0.001356241	17.57229	17.16873	-0.698264926422487
772	0	0.694633185397834	0.6860465	0.002714333	17.63992	17.26411	-0.817539398017814
773	0	0.70250447022263	0.6802326	0.0009593028	17.64142	17.37092	-1.29866605636932
774	0	0.724091116758063	0.6773256	0.001379351	17.6899	17.29338	-0.992357164244422
775	0	0.73162885827478	0.7238372	0.001407552	17.52693	17.1772	-1.3512871140127
776	0	0.730684501142241	0.7587209	0.001564135	17.72437	17.40616	-1.11604108393632
777	0	0.688854778325185	0.7674419	0.001884109	17.73043	17.47885	-1.27466234540918
778	0	0.665482602966949	0.6569767	0.001676348	17.4396	17.03562	-0.618216718351486
779	0	0.653834762820043	0.6918605	0.001112451	17.38723	17.04556	-0.479867472416184
77	0	0.72074993988499	0.7325581	0.0009268045	17.60453	17.27689	-0.952817628750449
780	0	0.703078614757396	0.6889535	0.0007794304	17.44318	17.16631	-1.01756847575684
781	0	0.665459705586545	0.5784884	0.00162131	17.59821	17.19948	-0.665232438396562
782	0	0.655517005058937	0.6366279	0.001514349	17.66831	17.35103	-1.2748840359571
783	0	0.722169813024811	0.7034884	0.002063875	17.7033	17.43775	-1.06020266756189
784	0	0.721429530112073	0.6802326	0.001006527	17.76816	17.4752	-1.15730042688829
785	0	0.683736637746915	0.7819767	0.002288796	17.79288	17.43576	-1.62959429464562
786	0	0.733811099291779	0.7645349	0.001023431	17.6682	17.30584	-0.959399517028389
787	0	0.699594736611471	0.747093	0.0009009919	17.71844	17.40314	-0.934329661315376
788	0	0.727591594262049	0.7354651	0.001758624	17.68792	17.37686	-0.972662771016267
789	0	0.714692610548809	0.7063953	0.0008146059	17.70349	17.37978	-1.06083067081935
78	0	0.712622505100444	0.6366279	0.001637369	17.43007	17.17993	-0.820928749213791
790	0	0.653645964432508	0.619186	0.001913127	17.62913	17.23809	-0.883664227808515
791	0	0.667772841639817	0.6627907	0.00133874	17.61391	17.26589	-0.978789081035496
792	0	0.747897204640321	0.6686047	0.001197643	17.81748	17.45529	-1.08838358432862
793	0	0.718752705189399	0.7412791	0.001403947	17.76963	17.39684	-1.13574427891961
794	0	0.682551553379744	0.6889535	0.001299764	17.51041	17.1786	-0.576123053661473
795	0	0.660255122580566	0.6424419	0.001505852	17.58122	17.18226	-0.797152194950551
796	0	0.747264738124795	0.747093	0.001615273	17.73796	17.45661	-1.31454629815947
797	0	0.673665899364278	0.6395349	0.001551006	17.62096	17.2239	-0.831551121675267
798	0	0.715511868032627	0.6715116	0.001054408	17.53766	17.25163	-0.983007957236555
799	0	0.733112876582891	0.6598837	0.0009433015	17.7652	17.45797	-1.16957076931683
79	0	0.701359821367078	0.7383721	0.0009866698	17.62451	17.22521	-0.555982633632289
7	0	0.697665184712969	0.6627907	0.001344553	17.54314	17.16318	-0.674592800082569
800	0	0.677706833044067	0.7180233	0.002055007	17.35067	17.04085	-0.647162082897042
801	0	0.705033346242271	0.7412791	0.001760566	17.74175	17.38375	-1.21733744067097
802	0	0.685857599182054	0.630814	0.001477295	17.53802	17.183	-0.49058303281448
803	0	0.669456373713911	0.6656977	0.001323142	17.64401	17.17581	-0.935541343308262
804	0	0.708804937708192	0.7063953	0.001032847	17.64501	17.32422	-1.03502781363223
805	0	0.694504277640954	0.7645349	0.001290671	17.80037	17.63286	-1.59483531259927
806	0	0.739348443318158	0.8052326	0.0013504	17.80608	17.49753	-1.04836214849372
807	0	0.681981681566685	0.7034884	0.0008870686	17.53383	17.23496	-0.827402707167001
808	0	0.707095185946673	0.8139535	0.001420956	17.80249	17.4972	-1.36569392084741
809	0	0.680319504858926	0.6395349	0.001425669	17.59876	17.17122	-0.720110945470495
80	0	0.691470665368252	0.627907	0.001684125	17.67937	17.21788	-0.969486106304556
810	0	0.674394612316974	0.7325581	0.001353328	17.63862	17.20782	-1.01609920482858
811	0	0.659104739595205	0.5552326	0.001448481	16.92451	16.83291	-0.000273371074366215
812	0	0.703197716339491	0.6686047	0.001569055	17.56026	17.13194	-0.64672510973682
813	0	0.657604375993833	0.6744186	0.001490697	17.67131	17.23817	-0.852698101968531
814	0	0.70063605310861	0.7325581	0.001595565	17.70178	17.38566	-1.25724897392962
815	0	0.670160710578784	0.6337209	0.001000219	17.51291	17.09998	-0.840373594210989
816	0	0.672695103939623	0.6133721	0.00152154	17.77812	17.36927	-0.905492314605428
817	0	0.682954524736851	0.6802326	0.001180927	17.20446	17.09861	-0.566155755603037
818	0	0.70518264377024	0.6598837	0.001306142	17.45019	17.09917	-0.764320838713331
819	0	0.650036038830876	0.6017442	0.001425326	17.54316	17.05596	-0.61272512748891
81	0	0.685436073644087	0.7616279	0.001669414	17.56639	17.09193	-0.837299930320419
820	0	0.741754223592579	0.7296512	0.0009119029	17.6736	17.31799	-0.896488440444131
821	0	0.700466090324335	0.7732558	0.001253329	17.81362	17.4187	-0.972340304784938
822	0	0.728607415850274	0.75	0.001849741	17.67006	17.32167	-1.09192708519537
823	0	0.749794977274723	0.7965116	0.00174087	17.85176	17.58378	-1.38404928973848
824	0	0.746801009261981	0.7296512	0.001220475	17.88663	17.60536	-1.33194031212509
825	0	0.677103331522085	0.7122093	0.001581249	17.63568	17.29318	-1.03755341633056
826	0	0.698289865558036	0.6627907	0.001316358	17.7712	17.4006	-0.944499754924055
827	0	0.669087694492191	0.627907	0.001915003	17.04009	17.002	-0.387239581820642
828	0	0.710317451041192	0.75	0.001345535	17.52429	17.20065	-1.02414488594123
829	0	0.680931896297261	0.7238372	0.001780416	17.55991	17.16782	-1.06752507420259
82	0	0.673589617107064	0.6860465	0.00101822	17.58462	17.21013	-1.22463129044542
830	0	0.669687130860984	0.7412791	0.001370164	17.63182	17.33746	-1.28215431591643
831	0	0.680682176095434	0.6540698	0.001797046	17.62704	17.26883	-0.882944307779913
832	0	0.680439440323971	0.7209302	0.001968605	17.51814	17.17767	-0.896783018743187
833	0	0.668148495396599	0.6627907	0.00112971	17.63584	17.35415	-1.03725199397724
834	0	0.696295828185976	0.6918605	0.001588636	17.40663	17.12778	-0.65442009197506
835	0	0.67765529868193	0.6976744	0.001243123	17.67683	17.31934	-1.35656605195993
836	0	0.674905544379726	0.6366279	0.001775901	17.19245	17.06048	-0.563085225559594
837	0	0.697939851996489	0.6860465	0.00112165	17.56481	17.16064	-0.619773742075407
838	0	0.688134646811523	0.622093	0.001583823	17.58171	17.21883	-0.892544287545346
839	0	0.650315748667344	0.6395349	0.001541925	17.35645	17.021	-0.607162834923474
83	0	0.714183979458176	0.7616279	0.001414911	17.78857	17.49932	-1.28690353208589
840	0	0.690000421367586	0.6627907	0.00112155	17.58209	17.19148	-0.924466784061164
841	0	0.747866378095932	0.752907	0.00170794	17.86668	17.54996	-1.70094236063819
842	0	0.73941775537096	0.747093	0.00125221	17.77534	17.41478	-1.18134496611762
843	0	0.683845179574564	0.6511628	0.001179594	17.70116	17.37565	-1.48449382411653
844	0	0.738291584886611	0.7238372	0.001286752	17.70874	17.44227	-1.02944099396437
845	0	0.74902017894201	0.7267442	0.001341159	17.71584	17.37283	-1.16792055914739
846	0	0.662846726970747	0.6540698	0.001519493	17.32352	17.0331	-0.815900211812961
847	0	0.70290882603731	0.7761628	0.0009095406	17.82677	17.57446	-1.29702559131464
848	0	0.742897644313052	0.755814	0.001182211	17.74302	17.44055	-1.18380101965539
849	0	0.69877325524576	0.747093	0.001081516	17.83217	17.57561	-1.31505498158528
84	0	0.705816402914934	0.6918605	0.001340753	17.69673	17.30933	-1.16015925398081
850	0	0.725416265171953	0.7063953	0.001231345	17.70593	17.40156	-1.37477128542135
851	0	0.702373396302573	0.6715116	0.001215326	17.6412	17.32768	-0.958767754178612
852	0	0.677197752613574	0.6424419	0.001397007	17.32548	17.02568	-0.64081595257093
853	0	0.727894252561964	0.6889535	0.0009423305	17.68982	17.2844	-0.972085293008494
854	0	0.694225752074271	0.6744186	0.001863605	17.69958	17.37393	-1.02980849577738
855	0	0.71130872212816	0.7383721	0.001505402	17.43784	17.13875	-0.808247635013794
856	0	0.710683184023946	0.7354651	0.0006591513	17.76204	17.46366	-1.35260354480304
857	0	0.736340453685261	0.6947674	0.001514945	17.74754	17.43883	-1.06496214032155
858	0	0.744880985072814	0.6976744	0.001123917	17.79712	17.46256	-1.02466204014987
859	0	0.691567721939646	0.6686047	0.001215099	17.69646	17.37331	-0.837160318869459
85	0	0.731003799987957	0.7383721	0.001239998	17.8475	17.50407	-1.39480081689166
860	0	0.728649650979787	0.7645349	0.0009717223	17.83684	17.52793	-1.73871149557341
861	0	0.676301526324824	0.7325581	0.001903494	17.63982	17.3497	-0.925420853218313
862	0	0.660142232500948	0.6627907	0.001446281	17.12309	16.90246	-0.575553765525424
863	0	0.695005932217464	0.7325581	0.001272478	17.72782	17.41135	-0.872654973413613
864	0	0.70127439966891	0.6569767	0.001832988	17.28688	17.02781	-0.630383677142298
865	0	0.719495611521415	0.6860465	0.001098485	17.77176	17.36813	-0.9729918759412
866	0	0.708607541956008	0.7645349	0.001279855	17.73616	17.38401	-1.32655500947851
867	0	0.749659626255743	0.7063953	0.001786754	17.70976	17.38564	-1.14218614889509
868	0	0.737192826601677	0.755814	0.0008509663	17.78845	17.4887	-1.15162102581667
869	0	0.738655924610794	0.755814	0.001147343	17.80754	17.53476	-1.55137499257587
86	0	0.711019465071149	0.5813953	0.001763481	17.59459	17.16836	-0.657519840214413
870	0	0.746257609012537	0.7209302	0.001474919	17.7708	17.39715	-1.19593553747977
871	0	0.68044449489098	0.6569767	0.001359596	17.40777	17.13998	-0.661442951535205
872	0	0.727102094981819	0.747093	0.002042417	17.8003	17.43094	-1.1049544798854
873	0	0.745812142128125	0.7965116	0.001409553	17.82933	17.47959	-1.05859699003341
874	0	0.683080447139218	0.7209302	0.001934234	17.72331	17.38538	-1.1445486619145
875	0	0.650762972142547	0.6686047	0.00147536	17.55393	17.24818	-0.989075173200772
876	0	0.683064208249561	0.7645349	0.0009805699	17.76709	17.33575	-1.28236821528532
877	0	0.714262119191699	0.6744186	0.00143152	17.77918	17.39231	-0.848251573641706
878	0	0.732402254873887	0.752907	0.0009983941	17.8311	17.55278	-1.50323584077095
879	0	0.749561750073917	0.7209302	0.001163651	17.8143	17.55072	-1.20150258473561
87	0	0.699435210833326	0.7034884	0.001776601	17.64155	17.29453	-1.35100152039072
880	0	0.709511822997592	0.6715116	0.002141032	17.67906	17.19945	-1.15293803491866
881	0	0.707262789132074	0.7267442	0.0008695642	17.69645	17.27137	-0.879475172819593
882	0	0.699542294652201	0.7703488	0.002345111	17.71851	17.38824	-0.819138748510688
883	0	0.651963494578376	0.6947674	0.002099364	17.67002	17.32801	-1.03639627414046
884	0	0.68086951430887	0.7093023	0.001170945	17.51791	17.16907	-0.59040553326353
885	0	0.704421759885736	0.7383721	0.001184423	17.69977	17.41644	-1.22271360007702
886	0	0.701271042088047	0.6889535	0.00149258	17.74035	17.42761	-1.2377471510283
887	0	0.67155809418764	0.7005814	0.001060073	17.63534	17.18113	-1.04931785914629
888	0	0.652248729160055	0.6831395	0.00155944	17.11237	17.01395	-0.688971248810934
889	0	0.670614959020168	0.630814	0.00188983	17.1553	17.0818	-0.792021878886996
88	0	0.727351459977217	0.7732558	0.001214483	17.77431	17.48358	-1.26064667150366
890	0	0.744384749373421	0.7267442	0.001618265	17.80477	17.3859	-1.00134429195759
891	0	0.737441288703121	0.747093	0.0008045907	17.80168	17.45366	-1.34551921606113
892	0	0.699515164922923	0.7325581	0.001362283	17.66932	17.27808	-0.953886508624547
893	0	0.74103949572891	0.6889535	0.001543625	17.69357	17.33843	-0.939163450840963
894	0	0.709315842739306	0.6976744	0.001341698	17.6373	17.23021	-0.718432366461053
895	0	0.689848838769831	0.7703488	0.00163434	17.65503	17.25474	-1.04549750986909
896	0	0.732371881534345	0.6889535	0.001055031	17.74415	17.42345	-1.4318132387627
897	0	0.675401140237227	0.7122093	0.001692822	17.6297	17.28526	-0.948733523706303
898	0	0.744451828394085	0.75	0.0008045322	17.83254	17.57976	-1.24341991200673
899	0	0.673222213820554	0.747093	0.001887377	17.5585	17.1824	-0.666474613889453
89	0	0.704089126549661	0.6889535	0.001703813	17.63567	17.18565	-0.959622043776936
8	0	0.690168969705701	0.6511628	0.001595379	17.67868	17.24538	-0.756916569364988
900	0	0.673389889136888	0.6686047	0.001647629	17.59368	17.11034	-0.746348810111211
901	0	0.719961100094952	0.7616279	0.001082461	17.6188	17.2657	-0.7826920027654
902	0	0.706430524238385	0.6947674	0.00110732	17.74626	17.42324	-1.04800009276723
903	0	0.698322612186894	0.7267442	0.001839934	17.7087	17.38897	-1.03758730339879
904	0	0.714408750482835	0.6395349	0.001473028	17.68614	17.32814	-0.862292052658989
905	0	0.731832415936515	0.755814	0.001561677	17.72724	17.44897	-1.23571980257699
906	0	0.725651903823018	0.7034884	0.001077191	17.65548	17.27224	-1.02409051620341
907	0	0.72358367992565	0.7732558	0.0007268943	17.70295	17.4285	-0.877935332335629
908	0	0.721008974779397	0.6889535	0.001568936	17.78346	17.40299	-1.27898791053222
909	0	0.674484067363665	0.747093	0.001567317	17.62514	17.29134	-1.40690069690486
90	0	0.719486320880242	0.7209302	0.001727962	17.64242	17.30677	-1.15128471292773
910	0	0.711276985099539	0.6424419	0.001126782	17.61132	17.1943	-0.543199165732441
911	0	0.650905026192777	0.6569767	0.001878572	17.66413	17.19926	-0.524461012449708
912	0	0.711690241633914	0.744186	0.001177885	17.71049	17.34567	-0.754360623383534
913	0	0.676060311635956	0.6017442	0.001716135	17.3499	17.04181	-0.718128655612878
914	0	0.6898822668707	0.755814	0.00132133	17.70198	17.3564	-1.25432307774912
915	0	0.706307703070343	0.6598837	0.001322737	17.67541	17.33095	-1.5100213476456
916	0	0.71800466326531	0.6918605	0.002115252	17.78524	17.54551	-1.32901278268068
917	0	0.69379615476355	0.5843023	0.001584353	17.08875	16.99484	-0.680809469490588
918	0	0.722002309234813	0.7063953	0.0009579953	17.7165	17.40665	-1.22615159301987
919	0	0.684144170186482	0.5959302	0.001315168	17.29149	17.07179	-0.73833257038464
91	0	0.740950468322262	0.7383721	0.0009680162	17.79967	17.52554	-1.34850775922141
920	0	0.688760503358208	0.6976744	0.002080468	17.67486	17.31172	-1.17839476498897
921	0	0.670482867863029	0.6598837	0.001127783	17.30243	17.15682	-0.885248688018747
922	0	0.700368872657418	0.7616279	0.001533503	17.74015	17.45688	-1.24030600980929
923	0	0.716884385910816	0.6889535	0.001136286	17.65602	17.25508	-0.881803038595957
924	0	0.726020121155307	0.6976744	0.001234562	17.76634	17.45865	-0.910099129448674
925	0	0.713328574365005	0.6744186	0.001484892	17.56786	17.31874	-1.17140899610575
926	0	0.747549906838685	0.7761628	0.001758867	17.74111	17.47575	-1.32295312903028
927	0	0.695098310126923	0.7209302	0.001362093	17.34247	17.11753	-0.509031007084313
928	0	0.733215981069952	0.6918605	0.001122447	17.70668	17.36585	-1.0544187198983
929	0	0.731767382496037	0.6744186	0.002079827	17.65827	17.21184	-1.0984735247879
92	0	0.662757812207565	0.6656977	0.001872547	17.25803	17.09525	-0.721909127010836
930	0	0.726601122855209	0.630814	0.0009682682	17.6734	17.31315	-1.19709679032752
931	0	0.749250708566979	0.7238372	0.00131425	17.75053	17.43586	-1.04545247651991
932	0	0.731800880050287	0.6540698	0.001403745	17.6944	17.36282	-0.840910922302776
933	0	0.719175036577508	0.7296512	0.001649753	17.57498	17.19468	-0.966102461599099
934	0	0.6704927993007	0.6889535	0.00116033	17.4665	17.11676	-0.814657640990108
935	0	0.654240351333283	0.6162791	0.001546234	17.59241	17.19412	-0.843441805893872
936	0	0.736671269731596	0.747093	0.0008134856	17.71425	17.35183	-1.06203984160598
937	0	0.742054393538274	0.7325581	0.001369347	17.82209	17.61162	-1.31308198865891
938	0	0.668030651193112	0.6424419	0.001642414	17.66963	17.25152	-0.856858334305884
939	0	0.730639332858846	0.6976744	0.001828708	17.63114	17.25567	-0.648448349847555
93	0	0.732281612721272	0.7936047	0.0008501724	17.89565	17.59579	-1.64268812594044
940	0	0.671864717057906	0.6860465	0.00167486	17.68869	17.35538	-1.40774854005129
941	0	0.708298520557582	0.7093023	0.001772664	17.724	17.33983	-0.956460273398852
942	0	0.669423261703923	0.6976744	0.00189488	17.29631	17.07638	-0.717918671993071
943	0	0.735704199271277	0.8284884	0.001544107	17.76632	17.46492	-0.742952806848947
944	0	0.660390257812105	0.6831395	0.001195776	17.21441	17.11718	-1.18787810383929
945	0	0.662965310667642	0.6773256	0.001248977	17.64625	17.27641	-0.995764777246383
946	0	0.667465502186678	0.630814	0.002267255	17.5534	17.16257	-0.529705177231679
947	0	0.724401037907228	0.755814	0.0009398309	17.82251	17.63516	-1.28067662661849
948	0	0.692794714611955	0.6715116	0.001279176	17.74506	17.3704	-1.05269659150575
949	0	0.669680435140617	0.7063953	0.001416411	17.61694	17.20808	-0.637161710288096
94	0	0.680376137490384	0.625	0.001566318	17.62026	17.24149	-0.856861146937448
950	0	0.744879311881959	0.6947674	0.001276001	17.84704	17.50226	-1.17343001409518
951	0	0.652390637993813	0.5988372	0.001921734	17.56968	17.13574	-0.566440377416071
952	0	0.718924646452069	0.7063953	0.001110078	17.71897	17.33929	-1.08163049454436
953	0	0.740311399265192	0.744186	0.001051204	17.79822	17.52225	-1.16782796325778
954	0	0.726385483401828	0.7034884	0.0009516095	17.81921	17.51441	-1.14484025791757
955	0	0.693278751592152	0.6686047	0.001155072	17.5848	17.24962	-0.919117118685784
956	0	0.707546662120148	0.7383721	0.001115067	17.72519	17.33452	-1.03567323428246
957	0	0.708540538977832	0.752907	0.001769353	17.77309	17.50411	-1.24858319293271
958	0	0.743135205586441	0.7180233	0.00112114	17.78388	17.45124	-1.46876576375249
959	0	0.699795499700122	0.6773256	0.001034757	17.71846	17.34046	-1.5544908572
95	0	0.73291000216268	0.6744186	0.001926974	17.64751	17.23378	-0.808411873220028
960	0	0.717793694557622	0.622093	0.001467494	17.73329	17.41343	-0.86178669646538
961	0	0.686408573621884	0.7063953	0.001487911	17.64113	17.29697	-1.11118395324477
962	0	0.718486749194562	0.7354651	0.001360841	17.81432	17.46639	-1.33705786740346
963	0	0.709390491456725	0.7180233	0.001566493	17.70292	17.40274	-1.34813328637892
964	0	0.744321778137237	0.8343023	0.001293392	17.73144	17.37129	-1.10085951475708
965	0	0.67804302952718	0.7645349	0.001697117	17.7781	17.47434	-1.09858495519357
966	0	0.672249575867318	0.755814	0.001709084	17.72912	17.41678	-1.27024645687778
967	0	0.720921635441482	0.6947674	0.0009160177	17.57765	17.17404	-0.87949478127281
968	0	0.710980020463467	0.627907	0.001435635	17.61947	17.31745	-1.10349230115304
969	0	0.672828424186446	0.6947674	0.001575794	17.65585	17.21661	-0.535857361946132
96	0	0.701197804417461	0.7994186	0.002084933	17.55636	17.08764	-0.79407376365216
970	0	0.655388142238371	0.5755814	0.001555179	17.18632	16.93857	-0.253389532878936
971	0	0.682064249413088	0.7122093	0.001888633	17.51495	17.16394	-1.11964313559688
972	0	0.6757667172933	0.6627907	0.001319515	17.45363	17.12638	-0.666722525454548
973	0	0.681256772065535	0.6569767	0.001331605	17.67115	17.18134	-0.554859736848995
974	0	0.744643264147453	0.7296512	0.001944704	17.77111	17.48501	-0.915837979888989
975	0	0.657146171550266	0.7238372	0.001928309	17.44404	17.1978	-1.00728849857847
976	0	0.677954960567877	0.622093	0.0008455078	17.63339	17.20305	-1.06980289272764
977	0	0.675016887323	0.747093	0.001170388	17.67245	17.40529	-1.14043681512161
978	0	0.741890659392811	0.7732558	0.001190713	17.78497	17.42351	-1.03931899525199
979	0	0.707399210543372	0.6918605	0.001673338	17.74218	17.31939	-1.18641485744954
97	0	0.684621221222915	0.7412791	0.001691802	17.73913	17.44983	-1.48586122203658
980	0	0.654469329421408	0.6656977	0.001240971	17.54386	17.09711	-0.867268768418255
981	0	0.748604140337557	0.7761628	0.001191264	17.89872	17.63657	-1.43458472359041
982	0	0.716700708772987	0.6627907	0.000960756	17.43703	17.118	-0.689393804319873
983	0	0.709056520462036	0.7616279	0.0009934678	17.80798	17.48803	-1.44134133710645
984	0	0.665380217088386	0.747093	0.00175103	17.60509	17.15082	-0.546182630650311
985	0	0.730962230288424	0.7325581	0.001922035	17.67515	17.33307	-0.944249066392392
986	0	0.738486637058668	0.6831395	0.0013286	17.73685	17.42794	-1.12009348866613
987	0	0.710411017807201	0.7703488	0.001651064	17.81117	17.5181	-1.50349921564124
988	0	0.691887106187642	0.7994186	0.001340087	17.54973	17.17337	-0.822773890415917
989	0	0.701762807113118	0.6802326	0.001207106	17.61312	17.2347	-0.958668919730606
98	0	0.704975173878484	0.622093	0.00144258	17.65539	17.29503	-0.976045606563737
990	0	0.664294811128639	0.6715116	0.00100055	17.32999	17.00488	-0.56550418576481
991	0	0.650094103999436	0.6598837	0.002035581	17.09135	16.99917	-0.482668986381043
992	0	0.651751022459939	0.6540698	0.001183181	17.50784	17.11518	-0.659221066722518
993	0	0.741485862573609	0.752907	0.001029981	17.85088	17.51183	-1.13134003407817
994	0	0.657993158418685	0.622093	0.001454476	17.6962	17.31727	-1.1782953213996
995	0	0.655600848887116	0.6686047	0.001065677	17.15289	17.01962	-0.487176295526565
996	0	0.734931410872377	0.7645349	0.001509693	17.69883	17.3532	-1.2778019392266
997	0	0.695181096740998	0.6889535	0.001250605	17.6286	17.23297	-0.889949351960187
998	0	0.73386031195987	0.7209302	0.001632114	17.76614	17.4772	-1.40249732200229
999	0	0.682587829558179	0.6918605	0.0009157316	17.74776	17.39894	-1.08211296564026
99	0	0.714993274887092	0.7238372	0.001001784	17.81206	17.45498	-1.19622111013505
9	0	0.706249790545553	0.6802326	0.001147752	17.73475	17.33496	-1.10130548866337
