seed	s	m	bene_prop	var_prop	median_tract	mean_tract	iDAT_score
1000	0	0.731873124465346	0.7093023	0.0006277292	17.70636	17.33575	-0.963141417782124
100	0	0.747398442565464	0.7906977	0.000702491	17.81585	17.53177	-1.1155044204474
101	0	0.656504403217696	0.622093	0.001171481	17.30852	17.06218	-0.6894656067826
102	0	0.740228971629403	0.7383721	0.0005195284	17.73747	17.4844	-1.28300868441912
103	0	0.682124426192604	0.75	0.001119003	17.65471	17.23251	-0.845125092749102
104	0	0.722163072321564	0.744186	0.0007465954	17.75432	17.44571	-1.06316766852179
105	0	0.723124663578346	0.7325581	0.0005462716	17.66985	17.28854	-0.950736550171727
106	0	0.679553272319026	0.6976744	0.0006771546	17.51287	17.19979	-0.768407175345636
107	0	0.659287253348157	0.6715116	0.000890367	17.18559	17.01783	-0.574588038092115
108	0	0.723218139167875	0.6802326	0.0007599829	17.76993	17.39467	-0.963902452286193
109	0	0.694735606433824	0.7122093	0.0006704765	17.62673	17.26627	-0.780255994663149
10	0	0.682300358591601	0.6744186	0.0005642357	17.63712	17.30593	-0.904185059969256
110	0	0.704543207073584	0.747093	0.0005519396	17.70212	17.30685	-0.875341059493207
111	0	0.712326331739314	0.6976744	0.0005106932	17.69319	17.28007	-0.827853058042429
112	0	0.710105463839136	0.7238372	0.0006890229	17.67718	17.23611	-0.945880183003824
113	0	0.671264171856455	0.622093	0.0006573877	17.34887	17.124	-0.892613530642779
114	0	0.67223600037396	0.6627907	0.0008745508	17.58206	17.13185	-0.738716111387173
115	0	0.662840157584287	0.6395349	0.0006783425	17.58917	17.16818	-0.670947202857772
116	0	0.682796794222668	0.6831395	0.0007142289	17.67064	17.22653	-0.844205627868217
117	0	0.673273467132822	0.7034884	0.0005342605	17.64332	17.23222	-0.99773851135661
118	0	0.742427971377037	0.7732558	0.0006903925	17.83934	17.64491	-1.33269320112459
119	0	0.69524774714373	0.6424419	0.0007560725	17.78241	17.39012	-1.18728963061776
11	0	0.686744682770222	0.6831395	0.0007617135	17.63914	17.22731	-0.889061183706438
120	0	0.741466465848498	0.755814	0.0006650655	17.74777	17.3926	-1.21728872870386
121	0	0.716911109071225	0.7063953	0.0009200007	17.69165	17.32388	-0.938820293027143
122	0	0.73895048473496	0.7209302	0.0005058926	17.74324	17.47913	-1.31709770091252
123	0	0.705932008731179	0.7267442	0.0004668069	17.62775	17.2812	-1.02184319420975
124	0	0.669530527386814	0.6598837	0.0006942987	17.62531	17.20336	-0.60496486084235
125	0	0.693417602567933	0.7122093	0.0008933317	17.63464	17.27565	-0.856452683784807
126	0	0.697014649049379	0.7354651	0.0007036606	17.65662	17.277	-0.900908394450252
127	0	0.742646423075348	0.755814	0.0008703707	17.79332	17.50143	-1.45824593350674
128	0	0.72035212717019	0.7122093	0.0004255088	17.67869	17.36151	-1.05327766981013
129	0	0.654116814606823	0.6569767	0.0008147168	17.3242	17.08609	-0.866673739111456
12	0	0.657497303746641	0.7093023	0.0004484672	17.60883	17.20299	-0.950342416969269
130	0	0.668454511393793	0.7180233	0.0005372423	17.43632	17.07919	-0.548005259166473
131	0	0.735555379814468	0.75	0.0005567731	17.70346	17.42529	-1.08194809509732
132	0	0.67558999042958	0.6395349	0.0007874853	17.59004	17.17053	-0.693092743071894
133	0	0.689692495926283	0.7005814	0.0007970533	17.68367	17.28689	-1.0571654290113
134	0	0.664947305130772	0.6569767	0.0005413293	17.65263	17.34588	-1.06680730417202
135	0	0.725418341020122	0.7238372	0.0005512085	17.78961	17.50984	-1.31437656694521
136	0	0.709583631460555	0.7267442	0.000664379	17.66699	17.2489	-0.664356809382013
137	0	0.721692709182389	0.7616279	0.0005890524	17.72681	17.33931	-0.93238946924637
138	0	0.717141116596758	0.7005814	0.0008265133	17.61219	17.29287	-1.02857462963664
139	0	0.671227564429864	0.7209302	0.0007064316	17.65121	17.31736	-1.24271338637417
13	0	0.698400359833613	0.7151163	0.0006423137	17.63395	17.33433	-1.00291029210703
140	0	0.663133049500175	0.6860465	0.0005131769	17.58332	17.16687	-0.7836231796067
141	0	0.668087764037773	0.6511628	0.0005465762	17.52622	17.1805	-0.590218535391147
142	0	0.656730947270989	0.6511628	0.0004964841	17.12919	17.03151	-0.683304422855206
143	0	0.665122394752689	0.6627907	0.0007503378	17.67719	17.2489	-0.824132372433698
144	0	0.655787813733332	0.6046512	0.0007600967	17.59038	17.15297	-0.644879370012776
145	0	0.724947540159337	0.7180233	0.0007608871	17.68277	17.40639	-1.00550502147891
146	0	0.681281984038651	0.6947674	0.0004970574	17.34753	17.14022	-0.868712083277593
147	0	0.661228477070108	0.6686047	0.0005529409	17.59019	17.16487	-0.821672536927667
148	0	0.654706176416949	0.6773256	0.0006442284	17.59962	17.11746	-0.717693003449224
149	0	0.698512630909681	0.6627907	0.0006538245	17.65979	17.39968	-1.16488713601177
14	0	0.659679397032596	0.6802326	0.000475403	17.60535	17.20941	-0.876034285010644
150	0	0.701129778125323	0.7122093	0.0006307163	17.75299	17.40462	-1.10510353016751
151	0	0.69054680201225	0.6802326	0.0007043675	17.69487	17.35072	-1.16280335715692
152	0	0.691909216251224	0.6918605	0.0005680345	17.51933	17.17195	-0.967654007393684
153	0	0.743222324573435	0.7616279	0.0006365268	17.73653	17.45086	-1.40950945561803
154	0	0.725556690897793	0.7354651	0.0005300741	17.74555	17.40253	-1.10348341856619
155	0	0.717018396034837	0.7587209	0.0007190226	17.75663	17.34737	-0.9698036274839
156	0	0.725338066602126	0.75	0.0004491657	17.66012	17.3784	-1.0595855781377
157	0	0.652239974099211	0.6656977	0.0006764411	17.17442	17.01437	-0.58018960055876
158	0	0.669048291468062	0.6831395	0.00100817	17.5695	17.13985	-0.892309505001043
159	0	0.69597927222494	0.6598837	0.0008699834	17.67112	17.27639	-0.951939112590663
15	0	0.706234150705859	0.7180233	0.0007036186	17.68437	17.26271	-1.25149062390372
160	0	0.659898238931783	0.6424419	0.0006322026	17.50328	17.15772	-0.822185476863747
161	0	0.695031520258635	0.752907	0.001129118	17.57931	17.24984	-1.13518561665886
162	0	0.747640665317886	0.7761628	0.0005679322	17.75176	17.44794	-1.15186186245234
163	0	0.719439088366926	0.7848837	0.0006831852	17.80509	17.43218	-0.96627871736201
164	0	0.740059474203736	0.75	0.0006780948	17.84282	17.4794	-1.26313211756328
165	0	0.727673628972843	0.6860465	0.0006961843	17.69006	17.31931	-1.11476270019727
166	0	0.737281659268774	0.7761628	0.0003650755	17.77108	17.46438	-1.22900357147117
167	0	0.675754228932783	0.6453488	0.0008764476	17.63703	17.31603	-0.930467674906704
168	0	0.727292442461476	0.7093023	0.000525971	17.7486	17.39522	-1.1398551609834
169	0	0.717364182323217	0.6976744	0.0005133588	17.72555	17.384	-0.856753178439454
16	0	0.657433305750601	0.6395349	0.0006072309	17.21856	17.00554	-0.383913898125362
170	0	0.721641049557366	0.75	0.0006195698	17.73921	17.44441	-1.13474372026516
171	0	0.712865283107385	0.7122093	0.0008283863	17.70451	17.36517	-0.981331847870232
172	0	0.722899909154512	0.7238372	0.0006427541	17.76353	17.39931	-1.51526734662801
173	0	0.697573222452775	0.6482558	0.0009934344	17.67146	17.23212	-1.0071230809963
174	0	0.674016351462342	0.6831395	0.0004770855	17.59887	17.21678	-0.772148548444545
175	0	0.715532666165382	0.7063953	0.0007156834	17.71345	17.33465	-1.11578833532015
176	0	0.672193255857565	0.6511628	0.0005677358	17.62062	17.22053	-1.00414502769601
177	0	0.727570641413331	0.7383721	0.0006313093	17.73015	17.41559	-1.24839863032099
178	0	0.705629174294881	0.7122093	0.000557619	17.6102	17.18872	-0.879150364314798
179	0	0.683457414922304	0.6918605	0.0008410298	17.60421	17.20676	-0.965005496796479
17	0	0.72186807715334	0.75	0.0004552614	17.66286	17.33847	-1.0335198885645
180	0	0.731676056538708	0.755814	0.0006114333	17.84395	17.61447	-1.50499459266321
181	0	0.69151766707655	0.7325581	0.0005655941	17.65588	17.3418	-0.996089697358044
182	0	0.68046750316862	0.6569767	0.000625133	17.53291	17.11392	-0.792463411942743
183	0	0.655556617071852	0.6482558	0.0009220945	17.35142	17.05032	-0.657981755690796
184	0	0.671936194156297	0.7063953	0.0004970825	17.64529	17.25122	-1.33148028723296
185	0	0.670963465375826	0.6598837	0.001091241	17.70674	17.3487	-1.22255771032412
186	0	0.698738729488105	0.6860465	0.0005019297	17.57643	17.20823	-0.679216250434225
187	0	0.695158580015413	0.7034884	0.0006609808	17.52506	17.16983	-0.977617779055274
188	0	0.74719830614049	0.7383721	0.0007660502	17.80507	17.52729	-1.08081244751557
189	0	0.662031443766318	0.6017442	0.0006540226	17.5803	17.17103	-0.739399165663626
18	0	0.670422001625411	0.6976744	0.0007419327	17.56415	17.19929	-0.852851448504042
190	0	0.674604226811789	0.7209302	0.0006091147	17.43565	17.0993	-0.78205289135801
191	0	0.745029858779162	0.7151163	0.0005770355	17.85918	17.53834	-1.21570199697727
192	0	0.687745417794213	0.6133721	0.0006302129	17.55594	17.17184	-1.03886315485775
193	0	0.686073741270229	0.6889535	0.0004738725	17.52418	17.19536	-0.656914826628328
194	0	0.691994598670863	0.6773256	0.0006042766	17.6363	17.26112	-0.900448048650049
195	0	0.687051446782425	0.7122093	0.0006342981	17.67831	17.21513	-0.559795362781694
196	0	0.687261824426241	0.6627907	0.000523041	17.67343	17.28336	-0.990088393598811
197	0	0.665160647546873	0.6627907	0.0006850486	17.61796	17.18303	-0.605661549694866
198	0	0.661061973241158	0.7151163	0.0009800485	17.59538	17.22739	-0.816752376338443
199	0	0.717639225488529	0.6831395	0.0006607807	17.60453	17.27379	-1.02911303895134
19	0	0.709867530269548	0.6802326	0.0006775179	17.67823	17.31941	-0.916643170367329
1	0	0.748148918710649	0.7151163	0.0008674108	17.77729	17.47435	-1.25073464929494
200	0	0.736161533650011	0.7412791	0.0003933939	17.76903	17.46812	-1.11360199495122
201	0	0.667457298957743	0.6744186	0.0005366361	17.54214	17.08822	-0.704810053298144
202	0	0.682003822294064	0.6860465	0.0008100558	17.68649	17.34639	-0.9224798376916
203	0	0.677150242589414	0.6627907	0.000672874	17.68467	17.36224	-1.02165883648559
204	0	0.739627657341771	0.7296512	0.000702524	17.8073	17.48514	-1.0456360506212
205	0	0.659561440953985	0.7063953	0.000747531	17.60052	17.22712	-0.938138264491843
206	0	0.712728231586516	0.8023256	0.0008882121	17.7431	17.4359	-1.10155175971326
207	0	0.68962906843517	0.6947674	0.0005177202	17.56023	17.22758	-0.796802068993407
208	0	0.74521226468496	0.7645349	0.0007412912	17.74772	17.46961	-1.2173281062705
209	0	0.684648030996323	0.6656977	0.000883412	17.14851	17.10017	-0.781862120225569
20	0	0.717683551157825	0.7412791	0.0009479585	17.70418	17.4349	-1.18188705528295
210	0	0.685825641569682	0.7180233	0.0007832792	17.37505	17.12193	-0.84958292631523
211	0	0.726616935920902	0.7848837	0.0005551713	17.6791	17.35526	-1.27747975147866
212	0	0.713265026803128	0.7325581	0.0007385078	17.59988	17.2701	-1.10548019133508
213	0	0.677393379807472	0.6627907	0.0007546192	17.39242	17.07631	-0.638511906563949
214	0	0.734186584642157	0.7296512	0.0006020246	17.63093	17.32851	-1.0037424190462
215	0	0.704946553660557	0.7267442	0.0007693913	17.71417	17.33657	-0.973229488155
216	0	0.678168222168461	0.6627907	0.0005353009	17.55202	17.09943	-0.651523086199153
217	0	0.682648701220751	0.7005814	0.0008233331	17.57049	17.2763	-0.984036020650721
218	0	0.650240698223934	0.6017442	0.0005158766	17.62594	17.17139	-0.789273323738162
219	0	0.665700848773122	0.630814	0.0007188825	17.5641	17.14985	-0.814266340456453
21	0	0.727770310197957	0.7354651	0.0007433814	17.71501	17.32108	-0.943501607645154
220	0	0.686369211180136	0.6860465	0.0003753181	17.28111	17.0817	-0.994661753315909
221	0	0.736510484293103	0.75	0.0005664975	17.79002	17.45964	-1.13943724237352
222	0	0.709453750820831	0.7703488	0.0006256009	17.62598	17.24354	-0.95946428103506
223	0	0.72947788995225	0.7587209	0.0004351502	17.74582	17.48287	-0.935248679983022
224	0	0.700785774528049	0.6947674	0.001073403	17.66551	17.26766	-0.920274459489947
225	0	0.66225480705034	0.6569767	0.0008238385	17.47961	17.1936	-0.740181781843949
226	0	0.699879887723364	0.7093023	0.0006807731	17.6998	17.33674	-1.01630457256485
227	0	0.741098543070257	0.7296512	0.0005247883	17.73135	17.42317	-0.871533522570183
228	0	0.74689603750594	0.6802326	0.0007211055	17.75676	17.40158	-1.03659150089647
229	0	0.700070464774035	0.7063953	0.0007665135	17.57299	17.26781	-1.0096833878721
22	0	0.719464083015919	0.622093	0.0006228768	17.59017	17.22148	-0.735586552729201
230	0	0.688573140813969	0.625	0.0005942574	17.60745	17.23644	-0.977511082613234
231	0	0.715720618190244	0.7267442	0.0004020941	17.74379	17.45406	-1.23304303325882
232	0	0.718098226818256	0.744186	0.0004976663	17.664	17.24921	-1.06400208489896
233	0	0.696887935930863	0.7354651	0.0008713908	17.60262	17.21854	-0.820651753399602
234	0	0.720479021128267	0.7093023	0.0007496322	17.77882	17.48293	-1.3283643945912
235	0	0.700661137513816	0.7180233	0.0004805373	17.6715	17.30008	-0.920048061040499
236	0	0.663829567376524	0.6511628	0.0007193672	17.26075	17.11381	-0.84173240410611
237	0	0.672511356626637	0.6627907	0.0006130076	17.59092	17.21738	-0.825445301147039
238	0	0.680725587788038	0.7122093	0.00106268	17.73635	17.33953	-0.988744677617169
239	0	0.722626831545494	0.7209302	0.0007710527	17.69148	17.44157	-1.41254168129934
23	0	0.659896844020113	0.6453488	0.000534233	17.20244	16.96615	-0.49878778658972
240	0	0.719170489069074	0.6831395	0.0006775125	17.66363	17.24681	-0.747509209042137
241	0	0.720050675980747	0.6976744	0.0005974561	17.48436	17.12219	-0.605306859862475
242	0	0.725893882196397	0.7325581	0.0004452357	17.68055	17.31682	-1.08986577984957
243	0	0.720413450337946	0.747093	0.0005423546	17.72701	17.37829	-1.22831974024592
244	0	0.687046583043411	0.7034884	0.0006787042	17.65591	17.34574	-0.841188440368977
245	0	0.67442736714147	0.6569767	0.0007336172	17.62724	17.2292	-0.887897331451971
246	0	0.73404708520975	0.7063953	0.0004913173	17.70005	17.36502	-1.122833140014
247	0	0.712115281564184	0.6773256	0.0009698476	17.7273	17.31716	-1.00496660564397
248	0	0.679562421375886	0.6075581	0.0009662947	17.49057	17.13255	-0.695339964184839
249	0	0.744939565239474	0.755814	0.0003617377	17.81484	17.53642	-1.36352921300258
24	0	0.654174312273972	0.6802326	0.0006565226	17.53292	17.15711	-0.839977007771616
250	0	0.703230283991434	0.6831395	0.0004836167	17.60918	17.30258	-1.0439636154545
251	0	0.698340133135207	0.7151163	0.0006853732	17.6123	17.22738	-0.932054631811699
252	0	0.695164779038169	0.7151163	0.0009464319	17.63443	17.26143	-0.936701724123583
253	0	0.742307135346346	0.7238372	0.0005815777	17.75171	17.43515	-1.2100173138013
254	0	0.672973125148565	0.6453488	0.0005651522	17.35516	17.1037	-0.551835583801575
255	0	0.722763838735409	0.7180233	0.0005470484	17.66457	17.34416	-1.14102399179803
256	0	0.695194017537869	0.6540698	0.0007010718	17.50263	17.23562	-0.910394656659673
257	0	0.731987889786251	0.7122093	0.0007011897	17.70185	17.36912	-1.0801418830564
258	0	0.74575009024702	0.7674419	0.0005810814	17.87043	17.56925	-1.34605125570299
259	0	0.717123539955355	0.7151163	0.0005152759	17.57249	17.19116	-0.682286093376705
25	0	0.70480156915728	0.7093023	0.0007747326	17.70115	17.34448	-0.922275014203332
260	0	0.661245230073109	0.627907	0.0005532109	17.55353	17.11385	-0.641610594298085
261	0	0.687234478653409	0.6773256	0.0009074934	17.51873	17.17507	-0.897194464166962
262	0	0.746299165836535	0.744186	0.0005299034	17.77855	17.49334	-1.49342934988281
263	0	0.748395394184627	0.7180233	0.0007030075	17.84518	17.53938	-1.24789950064321
264	0	0.653276906884275	0.7005814	0.0006833049	17.60018	17.13831	-0.756075748362028
265	0	0.733278280310333	0.7906977	0.0005573974	17.73115	17.29204	-1.08135342447022
266	0	0.73803605758585	0.747093	0.0005229347	17.66775	17.28999	-1.11763745992164
267	0	0.727360396995209	0.7267442	0.0005413065	17.73614	17.40649	-1.10445957359369
268	0	0.748319388111122	0.7354651	0.0008267447	17.77852	17.45781	-0.951659038628753
269	0	0.699201229237951	0.7122093	0.0008328184	17.63218	17.31071	-1.04471170201553
26	0	0.714509669947438	0.7005814	0.0005625978	17.72217	17.41898	-0.925373306125097
270	0	0.723443114571273	0.744186	0.0006312965	17.82635	17.51037	-1.12094114886493
271	0	0.696949733817019	0.6598837	0.0006033545	17.65506	17.22292	-0.846554110769534
272	0	0.697675397922285	0.7093023	0.0005349341	17.52926	17.17578	-0.711690154441291
273	0	0.720309863402508	0.75	0.0004136372	17.62635	17.27159	-0.98685814613818
274	0	0.737350521609187	0.7325581	0.0006994835	17.83533	17.52852	-1.43652511044978
275	0	0.684642280987464	0.744186	0.0005940848	17.59145	17.20362	-0.878468034050644
276	0	0.6711906560231	0.6773256	0.0005226999	17.58492	17.19481	-0.96102768941805
277	0	0.74752670971211	0.7267442	0.0004838914	17.87462	17.52699	-1.31664142607827
278	0	0.726338050374761	0.7354651	0.0005904627	17.76854	17.42684	-1.41996553288544
279	0	0.70536187668331	0.7034884	0.0005987499	17.63624	17.26382	-0.824842201182408
27	0	0.698199226241559	0.6889535	0.0004294654	17.51558	17.19503	-0.929800925944943
280	0	0.698662745486945	0.6947674	0.0004048532	17.66581	17.31039	-0.955489177245003
281	0	0.691273312061094	0.6744186	0.0006950193	17.59228	17.26154	-0.928342889910694
282	0	0.688418089412153	0.7034884	0.0004167751	17.61691	17.21682	-0.724460122480583
283	0	0.680014105071314	0.7238372	0.0006090681	17.69822	17.36642	-0.883996255423925
284	0	0.71967058966402	0.744186	0.000637691	17.72567	17.39945	-1.45540732690679
285	0	0.69449103877414	0.6947674	0.0008048109	17.65368	17.3067	-1.07523085398193
286	0	0.656651808228344	0.6831395	0.0007727391	17.5788	17.22534	-0.775362131599008
287	0	0.667766497167759	0.6860465	0.0005559738	17.44373	17.08683	-0.744158097856376
288	0	0.68853085024748	0.6627907	0.0005027154	17.74523	17.40379	-1.05303478341036
289	0	0.723506780504249	0.7005814	0.0007709915	17.74998	17.37456	-1.08984577533407
28	0	0.720074060419574	0.6976744	0.0005843451	17.68562	17.33367	-1.20967454793836
290	0	0.735434996825643	0.752907	0.0004744982	17.74337	17.42368	-1.43934083773034
291	0	0.661589170037769	0.6715116	0.0004835782	17.57812	17.12919	-0.709248719494388
292	0	0.744658064702526	0.752907	0.0004239803	17.80338	17.55921	-1.26036218849562
293	0	0.723335418268107	0.7325581	0.0005335876	17.77433	17.36635	-1.05434376035471
294	0	0.710361062129959	0.6831395	0.0006913402	17.67199	17.32117	-0.963642172850178
295	0	0.668811213923618	0.6744186	0.0004700935	17.6795	17.25886	-0.799533402693345
296	0	0.688665203074925	0.6802326	0.0005003181	17.65743	17.27521	-0.983061047040991
297	0	0.73515985396225	0.7383721	0.0003788596	17.74565	17.47102	-1.17626823211476
298	0	0.696469965856522	0.6511628	0.0005381171	17.73709	17.38073	-1.08112868064163
299	0	0.746484634187073	0.7645349	0.0005025641	17.8352	17.56096	-1.3377207375553
29	0	0.737494236626662	0.7587209	0.0005083885	17.75391	17.36056	-1.10144535060308
2	0	0.663475799816661	0.6598837	0.0009161647	17.5079	17.18422	-0.938402179201809
300	0	0.660323036531918	0.6598837	0.0007916406	17.39579	17.10623	-0.739911716677025
301	0	0.713887311099097	0.7238372	0.0005482276	17.65006	17.35131	-0.912473595260567
302	0	0.739736110344529	0.7587209	0.0007919188	17.71227	17.35393	-1.14537965856349
303	0	0.701138820545748	0.7122093	0.0005155731	17.61238	17.29163	-1.02317927566208
304	0	0.712153667584062	0.7180233	0.0006212207	17.77703	17.45982	-1.15046582686125
305	0	0.747624794347212	0.747093	0.0006565315	17.84471	17.52367	-1.67534294152591
306	0	0.727262660092674	0.7790698	0.0007202466	17.70019	17.31148	-1.17574323215003
307	0	0.714611202757806	0.7354651	0.0008000411	17.72402	17.40556	-1.17331903410127
308	0	0.660004750778899	0.6686047	0.0008837185	17.47801	17.13145	-0.656980426890471
309	0	0.696716533089057	0.7122093	0.0006616392	17.72871	17.34038	-1.11739475811629
30	0	0.664907420612872	0.625	0.0006128451	17.60871	17.21602	-0.916229463121127
310	0	0.699165494716726	0.7383721	0.0008598264	17.62122	17.26487	-1.11760792118548
311	0	0.689323415770195	0.6860465	0.000600653	17.34103	17.08305	-0.663096765342296
312	0	0.717539136274718	0.6889535	0.0005423846	17.70527	17.38303	-1.13889154563667
313	0	0.741988089843653	0.7296512	0.0009323447	17.74527	17.41001	-1.01590328873984
314	0	0.686130906827748	0.6627907	0.0008569472	17.58209	17.19159	-0.958396288245008
315	0	0.746103292074986	0.7238372	0.000341425	17.79783	17.40072	-1.37143582284567
316	0	0.676358619029634	0.6802326	0.0005496346	17.53491	17.19639	-0.706772081940978
317	0	0.655055611790158	0.6511628	0.0005207584	17.67482	17.24753	-1.02404010630411
318	0	0.656769979465753	0.7122093	0.0006991822	17.49396	17.10499	-0.857470962092448
319	0	0.709322811546735	0.6686047	0.0006259279	17.63726	17.28327	-0.955848544304518
31	0	0.737018305785023	0.7267442	0.0006892403	17.77858	17.47842	-1.21010503787368
320	0	0.687463082023896	0.6395349	0.0007125354	17.65611	17.24823	-0.760306529249374
321	0	0.670702279033139	0.6656977	0.0008155875	17.61678	17.17391	-0.62084449979343
322	0	0.719506711629219	0.7645349	0.0007106081	17.682	17.28771	-0.827819897204695
323	0	0.743425501557067	0.7296512	0.0006199067	17.77452	17.46961	-1.26419745174767
324	0	0.676207351358607	0.6453488	0.0005544413	17.67041	17.39865	-1.05192128940558
325	0	0.670673608756624	0.6686047	0.0005030784	17.53083	17.16882	-0.887930014107569
326	0	0.654657217627391	0.6424419	0.0007139731	17.58477	17.19618	-0.730079736856125
327	0	0.657561025838368	0.6627907	0.0005827002	17.56117	17.17698	-0.753144774322966
328	0	0.678996201953851	0.6831395	0.0005159028	17.49394	17.15156	-0.880126216318533
329	0	0.697643435397185	0.6947674	0.0007739452	17.64795	17.33088	-1.09134484871118
32	0	0.687739772698842	0.7093023	0.0006141709	17.6285	17.20367	-1.02446226241594
330	0	0.660721806902438	0.5988372	0.0007684156	17.37778	17.00217	-0.607894650893204
331	0	0.72297766006086	0.7151163	0.0003854762	17.65004	17.25285	-0.779692974703835
332	0	0.712136338884011	0.7209302	0.0006749546	17.70812	17.37539	-1.00738934179322
333	0	0.684866196475923	0.6773256	0.0006344075	17.66456	17.33684	-1.00088404004397
334	0	0.746239495649934	0.7848837	0.00069835	17.74779	17.43269	-1.20418398651789
335	0	0.693268648651429	0.6366279	0.000673047	17.64732	17.26519	-0.953351102980698
336	0	0.677440596790984	0.7325581	0.0007755919	17.46973	17.19536	-0.890908018906688
337	0	0.653299806104042	0.625	0.0006206595	17.41792	17.06794	-0.64084663660133
338	0	0.687892489531077	0.622093	0.000678427	17.5163	17.15854	-0.895165054408779
339	0	0.658893207763322	0.6366279	0.0003536324	17.44299	17.04805	-0.7168991406812
33	0	0.744072649721056	0.7819767	0.0006058916	17.85792	17.5627	-1.27989831336448
340	0	0.701155612734146	0.7587209	0.0005739055	17.68804	17.35169	-1.04597894060266
341	0	0.652967864158563	0.6773256	0.0005333017	17.5727	17.14404	-0.810588827286618
342	0	0.713786392565817	0.6424419	0.0007394687	17.72444	17.33344	-0.992740565132854
343	0	0.689483344834298	0.6482558	0.0007777917	17.65821	17.28384	-0.859912133601329
344	0	0.667647521477193	0.6773256	0.0006971947	17.56799	17.18748	-0.823926996451047
345	0	0.691613791650161	0.7063953	0.0006798357	17.7841	17.38749	-1.01283535537328
346	0	0.655002132384107	0.622093	0.0006063568	17.06882	17.02634	-0.630903965685895
347	0	0.712344279210083	0.6773256	0.0005695965	17.63117	17.18887	-0.846962059244594
348	0	0.672384683834389	0.6947674	0.0005681841	17.21015	17.08636	-0.659727263430134
349	0	0.651383674098179	0.6540698	0.0005768105	17.1471	17.02162	-0.719668476478252
34	0	0.689634994929656	0.6860465	0.0008116202	17.63859	17.28701	-1.0507454564029
350	0	0.691891228198074	0.6395349	0.0007263415	17.36144	17.03275	-0.404440063356576
351	0	0.672624563216232	0.7093023	0.0004675713	17.5991	17.19681	-0.635652603724125
352	0	0.684830776322633	0.7005814	0.0007184874	17.59137	17.22135	-1.08854324528438
353	0	0.657127326517366	0.6569767	0.0007610768	17.48027	17.10872	-0.604651323996641
354	0	0.662130877096206	0.6046512	0.0005422558	17.44892	17.11288	-0.524673811061121
355	0	0.692546614957973	0.7005814	0.0005471072	17.56395	17.1722	-1.00996323960678
356	0	0.711257625953294	0.7093023	0.000546441	17.57607	17.22071	-0.750087488995027
357	0	0.677370109804906	0.6802326	0.0005176192	17.28996	17.04468	-0.646436780817049
358	0	0.679653952154331	0.6918605	0.0005834158	17.66436	17.29641	-0.98417973205646
359	0	0.690691428771242	0.6337209	0.0009975766	17.6582	17.29952	-1.11571162028556
35	0	0.734366364404559	0.7383721	0.0005174465	17.79539	17.49302	-1.20449351111213
360	0	0.685952674830332	0.6976744	0.0009537246	17.58085	17.26671	-0.882409423945847
361	0	0.733186643943191	0.7383721	0.0005666803	17.6931	17.37125	-0.972620996910932
362	0	0.746418659645133	0.7093023	0.0007108854	17.76505	17.48671	-1.05360859092451
363	0	0.739480224903673	0.7674419	0.0007236854	17.73706	17.37968	-1.19292355945512
364	0	0.686932506877929	0.7005814	0.0006194234	17.7133	17.35881	-1.09991739035088
365	0	0.730991233536042	0.744186	0.0007978093	17.76744	17.45031	-1.01514400068814
366	0	0.726600957917981	0.752907	0.0009617832	17.74821	17.44316	-0.962747375811745
367	0	0.680762713518925	0.7325581	0.0008874222	17.72187	17.33251	-0.900261946470796
368	0	0.704478222783655	0.7238372	0.000669637	17.74471	17.40158	-1.24142655877949
369	0	0.701642788969912	0.7209302	0.000497836	17.6978	17.31615	-0.890113370295795
36	0	0.73284022200387	0.7616279	0.0004465754	17.68933	17.37447	-1.04644409381304
370	0	0.717527189827524	0.7151163	0.0008126556	17.72881	17.30541	-1.28603294895394
371	0	0.700585522921756	0.6889535	0.0006065407	17.6409	17.28181	-1.13836325233531
372	0	0.716448037885129	0.7209302	0.0005945799	17.65293	17.34816	-1.28265987727021
373	0	0.711983176018111	0.6627907	0.0004894794	17.70533	17.37017	-0.989092539590046
374	0	0.715553723345511	0.7063953	0.0004661428	17.79142	17.40975	-1.34537319467082
375	0	0.677480484964326	0.6337209	0.0006461826	17.5694	17.1885	-0.625523506234505
376	0	0.673122252547182	0.7151163	0.0007284048	17.61848	17.20208	-0.872240687741485
377	0	0.70703399751801	0.7093023	0.0008351055	17.68965	17.3383	-0.850798513454099
378	0	0.71896807407029	0.7005814	0.0005548451	17.65508	17.28444	-0.964841347351855
379	0	0.717846596403979	0.7093023	0.0007400121	17.80446	17.45807	-1.33203770122577
37	0	0.671962244459428	0.6715116	0.0005554707	17.50439	17.16886	-0.936209618981419
380	0	0.676976848649792	0.7063953	0.0007407654	17.71221	17.378	-1.04089839533443
381	0	0.711857326212339	0.744186	0.0005986346	17.71367	17.35575	-1.32848289670883
382	0	0.697235619393177	0.6889535	0.0005516955	17.67941	17.28605	-1.00414003833592
383	0	0.695842112181708	0.7238372	0.0008841893	17.59564	17.26653	-0.961906916539991
384	0	0.710158927529119	0.7063953	0.0004780825	17.64298	17.27355	-1.09506615933461
385	0	0.704870631406084	0.6947674	0.0007263086	17.71191	17.30558	-0.861440261050113
386	0	0.732484559877776	0.7412791	0.0006777416	17.81991	17.42461	-1.07348774905313
387	0	0.737780623696744	0.7616279	0.000591693	17.79582	17.47161	-1.14617808346525
388	0	0.662603714712895	0.5988372	0.0006232452	17.29965	17.04112	-0.530636455746177
389	0	0.654878705437295	0.6947674	0.0008068937	17.47341	17.15978	-0.851799115687036
38	0	0.670452429866418	0.6424419	0.0005879781	17.50355	17.20514	-0.710181604179563
390	0	0.733112876699306	0.744186	0.0006043082	17.82892	17.59233	-1.19120255282023
391	0	0.730703113111667	0.755814	0.0004306102	17.69918	17.46313	-1.14299521163964
392	0	0.669297456531785	0.6918605	0.0008424271	17.56416	17.17857	-0.787899041580033
393	0	0.653822793671861	0.6511628	0.0006727295	17.58272	17.2332	-0.975019433013597
394	0	0.743589575635269	0.7325581	0.0004609147	17.74025	17.46344	-1.22564376001855
395	0	0.727859684079885	0.6947674	0.0007381589	17.69195	17.34737	-0.981175982874612
396	0	0.662622122676112	0.6715116	0.0005810747	17.55962	17.20367	-0.78461017426951
397	0	0.742566569778137	0.7616279	0.0006016982	17.78107	17.41868	-1.03954353875366
398	0	0.721473624161445	0.7005814	0.0006455064	17.74702	17.40625	-1.102006949635
399	0	0.667968007992022	0.7005814	0.001106146	17.63786	17.27424	-0.94617708627395
39	0	0.687883702223189	0.6947674	0.0005699959	17.62834	17.19407	-0.868372609970432
3	0	0.6761434385553	0.6860465	0.0007437868	17.25096	17.05187	-0.637297450386124
400	0	0.713134656078182	0.755814	0.0005129812	17.6735	17.35314	-1.26962569697223
401	0	0.683290132577531	0.6918605	0.0005389699	17.62355	17.21896	-0.924169582332207
402	0	0.720052739861421	0.7180233	0.000425325	17.7945	17.50572	-1.22290997326221
403	0	0.742875786684454	0.7703488	0.0004089202	17.80686	17.60642	-1.36775616765751
404	0	0.700812638597563	0.6569767	0.0006502628	17.55303	17.20361	-0.929432490363473
405	0	0.698813662142493	0.6627907	0.0008051598	17.62143	17.20072	-0.855330488892622
406	0	0.659229619544931	0.6802326	0.0006939548	17.62555	17.24453	-0.891933581055242
407	0	0.679107527551241	0.6744186	0.0006401017	17.54549	17.26296	-0.96973893580513
408	0	0.692416088748723	0.755814	0.0005579299	17.67241	17.23933	-0.934766830746148
409	0	0.666640557954088	0.6366279	0.0009477346	17.62307	17.13083	-0.871709373718307
40	0	0.696644567511976	0.7063953	0.0006602496	17.7291	17.3402	-1.10305846474968
410	0	0.725502834701911	0.752907	0.0004800055	17.84737	17.51382	-1.27643569807018
411	0	0.656530589610338	0.6337209	0.0007350431	17.33188	17.0462	-0.449180314780022
412	0	0.719853425258771	0.7005814	0.0005802997	17.65334	17.29232	-1.1958256615392
413	0	0.715427790745161	0.7063953	0.0005657528	17.7242	17.32928	-1.17100992850005
414	0	0.660658370074816	0.6656977	0.00047406	17.62336	17.1856	-0.768531105804691
415	0	0.72352261042688	0.6889535	0.0006608764	17.73109	17.31641	-0.843378178503921
416	0	0.727158341091126	0.7180233	0.0006662935	17.75517	17.36917	-1.08617278174319
417	0	0.726282663806342	0.6889535	0.0007400757	17.75293	17.42899	-1.05871939074517
418	0	0.738535920716822	0.7412791	0.0004318268	17.84198	17.58315	-1.42286276484585
419	0	0.72242378492374	0.7063953	0.0006441601	17.67857	17.33352	-1.07133529449204
41	0	0.742114729294553	0.7732558	0.0006110984	17.76942	17.39811	-1.13575726842422
420	0	0.700685348920524	0.6424419	0.0005794358	17.66441	17.26936	-0.925296577416837
421	0	0.685872199200094	0.7267442	0.0006796989	17.71597	17.33788	-1.06924297224402
422	0	0.721801580046304	0.7761628	0.0004827728	17.76664	17.49624	-1.24391535581886
423	0	0.696267049852759	0.7005814	0.0007074535	17.33661	17.1189	-0.803797544713494
424	0	0.669041249714792	0.6656977	0.0009075393	17.66657	17.23154	-0.94296717501593
425	0	0.661517739924602	0.6715116	0.0008709784	17.58939	17.16247	-0.7306269868261
426	0	0.721160563989542	0.6889535	0.0006376479	17.72763	17.33653	-1.30062140756009
427	0	0.733908708533272	0.7238372	0.0004537386	17.71816	17.40887	-0.935125245797513
428	0	0.714099439396523	0.6860465	0.0006329634	17.70148	17.31616	-0.889676796611249
429	0	0.696505714557134	0.7180233	0.0005127063	17.66196	17.34298	-1.02352372402492
42	0	0.694175771181472	0.7267442	0.000721393	17.68116	17.25626	-1.12228635573193
430	0	0.712812065216713	0.6773256	0.0005460963	17.68204	17.30993	-0.876264971828032
431	0	0.720763657940552	0.7587209	0.0006332592	17.72666	17.39849	-1.32771900853893
432	0	0.744629160081968	0.7703488	0.0007334135	17.784	17.48691	-1.13194640033209
433	0	0.677465235861018	0.6715116	0.0008004609	17.56083	17.1164	-0.771016684113624
434	0	0.687998042861	0.6889535	0.0007013353	17.74162	17.33992	-0.956315688875045
435	0	0.702799024479464	0.6366279	0.0005869645	17.64282	17.28138	-0.977116385694943
436	0	0.66295220553875	0.6773256	0.0008962909	17.60457	17.17107	-0.777786353300698
437	0	0.691835809336044	0.7005814	0.0006708402	17.62645	17.31145	-0.875375681895108
438	0	0.694589009089395	0.6947674	0.0007858989	17.58749	17.1645	-0.948497725616283
439	0	0.692147344839759	0.6773256	0.0004692519	17.66038	17.28953	-1.0371405896682
43	0	0.651347422879189	0.6424419	0.0006610963	17.12591	16.99863	-0.507467056372292
440	0	0.705988680431619	0.7034884	0.0005033715	17.75092	17.38921	-1.29497946832433
441	0	0.728886812576093	0.7383721	0.0006897814	17.80373	17.44828	-1.07899065060139
442	0	0.707144771050662	0.6889535	0.0006673209	17.64931	17.26059	-0.763579921829336
443	0	0.717813789797947	0.6976744	0.0005261492	17.76705	17.42326	-1.17818722880495
444	0	0.737020547082648	0.7383721	0.0006688036	17.81865	17.58217	-1.71100574957312
445	0	0.679880981030874	0.6656977	0.001096047	17.71372	17.31216	-0.941528420412684
446	0	0.720353695261292	0.7354651	0.0006015631	17.68725	17.31866	-1.26407892580246
447	0	0.674323424790055	0.6482558	0.000656589	17.61084	17.18755	-0.876531995895151
448	0	0.666248469962738	0.6540698	0.0008582922	17.42933	17.12953	-0.793390488280138
449	0	0.717439652350731	0.7412791	0.0004991002	17.7314	17.38821	-1.03286579364354
44	0	0.688425470795482	0.7005814	0.0006983551	17.64882	17.2559	-0.961538850988975
450	0	0.673566577513702	0.7005814	0.0005347375	17.41719	17.15941	-0.84667540855992
451	0	0.670593784446828	0.7005814	0.0006702847	17.65665	17.25515	-0.983667704008021
452	0	0.672137252334505	0.6947674	0.0004775867	17.56618	17.19882	-0.86607105288694
453	0	0.696247543790378	0.6889535	0.000471296	17.59193	17.2689	-1.09884745972395
454	0	0.72857071342878	0.7703488	0.0005781097	17.73808	17.43481	-1.38498636532664
455	0	0.672977090626955	0.7267442	0.0006074978	17.59416	17.23965	-0.95968120720238
456	0	0.73324646637775	0.7238372	0.0005524813	17.72642	17.41053	-1.10847670076355
457	0	0.728400755859911	0.7354651	0.0004917555	17.70055	17.34374	-1.12703259758598
458	0	0.654803866194561	0.7093023	0.0008598163	17.26685	17.09315	-0.756866970061209
459	0	0.704019528953359	0.7122093	0.001043552	17.73365	17.39389	-1.00359906522517
45	0	0.658139283838682	0.6773256	0.0006750138	17.60951	17.23136	-0.923863910163788
460	0	0.748306622775271	0.7267442	0.0005139798	17.70196	17.38693	-1.1347781295343
461	0	0.736085904738866	0.744186	0.0004851648	17.80743	17.52975	-1.36958786021327
462	0	0.71268495824188	0.7296512	0.0006619028	17.71684	17.30499	-1.08193773832165
463	0	0.733292746148072	0.7383721	0.0003769722	17.85114	17.5324	-1.31170793296974
464	0	0.67477621100843	0.6744186	0.0005397304	17.60557	17.209	-0.799466314179956
465	0	0.745077536650933	0.7587209	0.0004770457	17.73246	17.36466	-0.823264916343903
466	0	0.73048648852855	0.7034884	0.0007717549	17.79084	17.41846	-1.40747175489019
467	0	0.69760882796254	0.6918605	0.0006740544	17.61954	17.30981	-0.992508552369189
468	0	0.722200865345076	0.7122093	0.0005000646	17.7511	17.33368	-0.950397075580178
469	0	0.718746208096854	0.7034884	0.0006478248	17.7259	17.40776	-1.13641703251808
46	0	0.706571141141467	0.6976744	0.000553682	17.66677	17.33341	-1.2223547793313
470	0	0.709638597909361	0.6511628	0.000832974	17.68992	17.32771	-1.2159097702254
471	0	0.659285276895389	0.6627907	0.0005045167	17.42224	17.0481	-0.633629186404698
472	0	0.670753201050684	0.6860465	0.0005295419	17.27007	17.05433	-0.669297049772738
473	0	0.69014884531498	0.6831395	0.000570185	17.64583	17.28332	-0.921621057760584
474	0	0.739792576711625	0.7122093	0.0006886137	17.71277	17.31455	-1.2200053133649
475	0	0.728333230921999	0.7093023	0.0008777097	17.6319	17.2387	-0.847406736233586
476	0	0.740242356690578	0.7383721	0.0004225757	17.66898	17.37919	-0.882379255458323
477	0	0.718687538662925	0.7122093	0.0006526884	17.70746	17.3609	-0.94773304307153
478	0	0.732418492250144	0.7412791	0.0005321502	17.70937	17.38824	-1.01265157773842
479	0	0.708141112537123	0.6744186	0.0005205066	17.62722	17.30311	-1.16562333318165
47	0	0.707450531306677	0.7354651	0.0005657751	17.63952	17.27503	-0.994310217034354
480	0	0.670474407193251	0.6889535	0.0005460848	17.67471	17.25383	-0.804885432890902
481	0	0.736322161369026	0.7645349	0.000616315	17.67748	17.29627	-1.30328256564471
482	0	0.663770666858181	0.6482558	0.0003923066	17.43105	17.12309	-0.684349387568527
483	0	0.686844521132298	0.6482558	0.0006418811	17.69824	17.33781	-0.986483984879526
484	0	0.698757496825419	0.7005814	0.0005908393	17.64968	17.29145	-0.770562182248846
485	0	0.727058898867108	0.7296512	0.0006265582	17.72626	17.41702	-0.886289891508129
486	0	0.742437432380393	0.7732558	0.0004453469	17.76929	17.46445	-1.18357991535508
487	0	0.67056495337747	0.6511628	0.0008230117	17.68547	17.32037	-0.976543393109503
488	0	0.679390137083828	0.6627907	0.0007566595	17.50474	17.19147	-0.881208412255481
489	0	0.733334843278863	0.7383721	0.0004811592	17.75816	17.39382	-1.23108262716714
48	0	0.709242525184527	0.7267442	0.0006533974	17.68032	17.24104	-0.839964680650662
490	0	0.65128693014849	0.6598837	0.0006544743	17.44245	17.16858	-0.920894881233402
491	0	0.677679386618547	0.6453488	0.0006989499	17.36578	17.0767	-0.368255733967432
492	0	0.696070373104885	0.7209302	0.0008388843	17.67454	17.30725	-0.849321292480761
493	0	0.689089601393789	0.7209302	0.0007147521	17.72274	17.34571	-1.10478856170868
494	0	0.683484582439996	0.6831395	0.000467884	17.58445	17.19611	-0.922403621840746
495	0	0.700889357668348	0.7122093	0.0007383732	17.72027	17.27747	-0.920195504245992
496	0	0.743433945649304	0.7180233	0.0006241823	17.87519	17.52266	-1.80899929292056
497	0	0.677315164683387	0.7093023	0.0005762501	17.68779	17.2375	-0.783225764780521
498	0	0.659900078712963	0.6482558	0.0007262375	17.5944	17.15861	-0.782401174788079
499	0	0.664515817305073	0.7325581	0.0009370655	17.49548	17.12408	-0.713491372550085
49	0	0.727141718124039	0.7325581	0.0003906386	17.72838	17.45998	-1.23669848450312
4	0	0.688214001711458	0.6366279	0.0007191421	17.36707	17.09748	-0.715259448301526
500	0	0.702262426773086	0.6744186	0.0009680905	17.60718	17.26592	-1.16031069113995
501	0	0.690046880301088	0.6860465	0.0004924384	17.53541	17.22891	-0.906171275239992
502	0	0.718180835526437	0.7616279	0.0004527745	17.77362	17.46904	-1.12894232285258
503	0	0.68124502801802	0.6918605	0.0005825301	17.61567	17.22353	-0.969987795082003
504	0	0.675174216809683	0.6395349	0.0007531714	17.23644	17.09143	-0.743862628823197
505	0	0.650573974335566	0.6482558	0.000691604	17.59824	17.17025	-0.633932683239099
506	0	0.658644362282939	0.6540698	0.0008263215	17.56939	17.13126	-0.950859274884017
507	0	0.654591504228301	0.6831395	0.0006349001	17.64562	17.22202	-0.929494235346599
508	0	0.745910326018929	0.747093	0.0005609322	17.77795	17.41519	-1.10784133112258
509	0	0.722665193607099	0.6947674	0.0004921516	17.85581	17.46538	-1.12458242448172
50	0	0.685325264022686	0.6802326	0.0007669908	17.39313	17.1304	-0.766102875717646
510	0	0.657088777073659	0.6773256	0.0009142387	17.50923	17.12812	-0.670018756976758
511	0	0.748688108194619	0.7616279	0.0008834116	17.89056	17.62011	-1.62081262917157
512	0	0.739645295985974	0.7645349	0.0004843247	17.7116	17.36078	-1.20257630584107
513	0	0.749800526886247	0.7645349	0.0007693774	17.79429	17.42763	-1.10698431616048
514	0	0.692132868245244	0.6831395	0.0006417491	17.63556	17.15926	-0.777120152542037
515	0	0.704777954379097	0.75	0.0007947334	17.70407	17.31862	-0.92784394727037
516	0	0.738723671925254	0.7296512	0.0009366077	17.76189	17.48735	-1.50010262919209
517	0	0.717849844903685	0.6889535	0.0005695511	17.70603	17.42993	-1.01595971412382
518	0	0.689263217546977	0.6511628	0.0004533011	17.67387	17.34213	-0.870891959554204
519	0	0.701912401732989	0.7209302	0.0008383048	17.68105	17.27215	-1.01982514573254
51	0	0.650783332018182	0.6686047	0.0007752928	17.31734	17.08864	-0.686100637416771
520	0	0.724797559669241	0.7354651	0.000396167	17.73261	17.43648	-1.11033834073672
521	0	0.706539151491597	0.7005814	0.0004352919	17.72258	17.35996	-1.02123204750422
522	0	0.726832068013027	0.75	0.0004605771	17.76017	17.43779	-1.10082550716325
523	0	0.656959282513708	0.6540698	0.0006809528	17.19535	17.04011	-0.705511275147846
524	0	0.700079042720608	0.6773256	0.0008201593	17.69624	17.42437	-1.45371708087947
525	0	0.651279961434193	0.6482558	0.0005256144	17.53728	17.14888	-0.59185685779842
526	0	0.742684746067971	0.7122093	0.0005461349	17.79262	17.4783	-1.39965835718363
527	0	0.706529347784817	0.6656977	0.0007171855	17.68873	17.35223	-1.04332088088808
528	0	0.73481251723133	0.7325581	0.0006494408	17.8113	17.53139	-1.41668436847429
529	0	0.724920621840283	0.7005814	0.0004836942	17.5971	17.27139	-1.08081275680039
52	0	0.702991560148075	0.6918605	0.001065066	17.62689	17.27402	-0.721559146074374
530	0	0.737997795105912	0.7093023	0.0006584528	17.67173	17.39855	-1.21463235331169
531	0	0.708161371294409	0.7063953	0.0007570247	17.74076	17.37419	-1.01782433412878
532	0	0.708831369318068	0.7325581	0.0007528957	17.65889	17.30216	-1.20178826976614
533	0	0.681113355630077	0.7180233	0.0007758046	17.70826	17.38231	-0.946948331446976
534	0	0.650447884527966	0.630814	0.0006550583	17.01287	16.90064	-0.641628908157002
535	0	0.659959951299243	0.6860465	0.0005183687	17.33813	17.01283	-0.493612911473849
536	0	0.657186984363943	0.6453488	0.0007012856	17.18923	17.0587	-0.634848570213144
537	0	0.73871763353236	0.7267442	0.0007362953	17.70373	17.36096	-0.895436922706219
538	0	0.689467937196605	0.6744186	0.0003998303	17.66251	17.26872	-1.17143061641574
539	0	0.735263465647586	0.7151163	0.0004639674	17.79513	17.51468	-1.32901437481398
53	0	0.701335930312052	0.6482558	0.001112037	17.69045	17.327	-0.959519939528828
540	0	0.701446585101075	0.7296512	0.0005126329	17.63546	17.24787	-0.903559519939641
541	0	0.749414537777193	0.7267442	0.0005133776	17.59429	17.26127	-1.23293447308968
542	0	0.732732140924782	0.6744186	0.0005678594	17.68896	17.34248	-1.09746248692585
543	0	0.725231006299145	0.7412791	0.0005861727	17.77858	17.50328	-1.15500141853142
544	0	0.69098991593346	0.6947674	0.0008889027	17.7247	17.37538	-0.992160727593739
545	0	0.727351627242751	0.7267442	0.0004834881	17.72367	17.29902	-0.981732413909515
546	0	0.749145697266795	0.7674419	0.0005185202	17.95003	17.64296	-1.61866891703175
547	0	0.706318763224408	0.6918605	0.0008932014	17.67639	17.3087	-1.06400048302991
548	0	0.662500915327109	0.6395349	0.0004602872	17.64122	17.23063	-0.91218152577617
549	0	0.653299736976624	0.6976744	0.0009770648	17.54323	17.07187	-0.605747818679563
54	0	0.749616235727444	0.7616279	0.0005518991	17.86513	17.51417	-1.11429532866537
550	0	0.656869760085829	0.6540698	0.0005925449	17.44308	17.02136	-0.713243924570774
551	0	0.735137013741769	0.7587209	0.0007501888	17.85174	17.56231	-1.44675915092667
552	0	0.686412484641187	0.7267442	0.0008392803	17.68204	17.31292	-1.03666968203684
553	0	0.666966140340082	0.7122093	0.0007226917	17.5554	17.14523	-0.709380180129307
554	0	0.684463434503414	0.7412791	0.001205346	17.6579	17.32021	-0.983471309510295
555	0	0.741003828356043	0.7412791	0.0007321336	17.73613	17.42779	-1.13337990828281
556	0	0.698774475464597	0.7209302	0.0005503148	17.69948	17.32445	-0.948892309731505
557	0	0.748718580487184	0.7122093	0.0007966752	17.82754	17.54476	-1.14142213920599
558	0	0.680718621076085	0.6656977	0.0008681246	17.47348	17.0881	-0.969735502293623
559	0	0.650093354354613	0.6656977	0.0005562426	17.21276	16.97819	-0.503353371852188
55	0	0.720177057548426	0.7063953	0.0004966731	17.69831	17.34487	-1.01253735673471
560	0	0.723207632126287	0.6889535	0.0004595765	17.68677	17.35411	-1.06842593281857
561	0	0.69668593807146	0.7005814	0.000692484	17.65589	17.2748	-1.008742344831
562	0	0.655971408914775	0.6453488	0.0005275667	17.58315	17.23273	-0.641029189958756
563	0	0.730756783275865	0.7674419	0.0005560003	17.78346	17.46769	-1.08261307287122
564	0	0.730242359940894	0.7383721	0.0007935649	17.81143	17.51033	-1.32768520019208
565	0	0.67255192422308	0.6773256	0.00079297	17.63877	17.17211	-0.802626522488636
566	0	0.692162861442193	0.6686047	0.0009216232	17.59262	17.27381	-0.994118855042665
567	0	0.712021400872618	0.7267442	0.0006280121	17.68955	17.39479	-1.40262894238286
568	0	0.660913412203081	0.6482558	0.0009163556	17.63275	17.25334	-0.90951527151205
569	0	0.711094622802921	0.747093	0.0006939208	17.72132	17.47145	-1.15656326267083
56	0	0.653117046528496	0.6162791	0.001003523	17.39915	17.08633	-0.701685807437925
570	0	0.673677020869218	0.6889535	0.0008435277	17.59889	17.16612	-0.821619848640175
571	0	0.744414267712273	0.752907	0.0003885332	17.79643	17.46282	-1.14427144751488
572	0	0.74306811648421	0.7383721	0.0006854168	17.79477	17.50462	-1.46910675502187
573	0	0.72880928311497	0.7093023	0.0004524924	17.66548	17.27032	-1.06853676780817
574	0	0.682874911208637	0.6918605	0.0007287196	17.74132	17.4012	-1.04044308424068
575	0	0.676016731606796	0.6656977	0.0006031865	17.62455	17.21833	-0.880520004272471
576	0	0.730282976012677	0.7122093	0.0006358824	17.69879	17.31029	-1.09510233554405
577	0	0.73373347974848	0.7151163	0.0003648017	17.88629	17.62353	-1.78712184474977
578	0	0.695843127905391	0.6627907	0.0008331483	17.76004	17.37184	-1.15204588509322
579	0	0.697886585653759	0.6889535	0.000827513	17.52635	17.24587	-0.962298199950112
57	0	0.730711431615055	0.75	0.0005234541	17.82526	17.54943	-1.16474925473022
580	0	0.726343080867082	0.7180233	0.0005174033	17.74571	17.38523	-1.30691567703476
581	0	0.715907960454933	0.6976744	0.0005655292	17.72616	17.39134	-1.14182066011956
582	0	0.678894734382629	0.6598837	0.0007361157	17.60239	17.12855	-0.730543119505001
583	0	0.732672740169801	0.7848837	0.000798532	17.75481	17.40232	-1.30588559471029
584	0	0.732980154734105	0.7674419	0.0006601757	17.69834	17.39757	-1.06277713502377
585	0	0.662763969949447	0.6482558	0.0005958276	17.56577	17.1079	-0.783186583280863
586	0	0.734982051281258	0.7587209	0.0005248165	17.81449	17.59005	-1.28438899324923
587	0	0.729636291461065	0.7383721	0.0006879038	17.69128	17.3943	-0.956431733501159
588	0	0.732208814378828	0.755814	0.0007102943	17.69653	17.36061	-1.02886676412193
589	0	0.731999219721183	0.7005814	0.000835028	17.7221	17.40002	-0.998975150103283
58	0	0.687919307593256	0.622093	0.0009087474	17.41874	17.0829	-0.844163270630112
590	0	0.694166755955666	0.7122093	0.0006414761	17.67138	17.23772	-0.841292713439162
591	0	0.650377804040909	0.6424419	0.0008867869	17.18294	16.95282	-0.513399914681073
592	0	0.736584232910536	0.7877907	0.0004594826	17.76853	17.48278	-1.23146444711239
593	0	0.709592157858424	0.7296512	0.0005101401	17.67968	17.23945	-0.885049165278741
594	0	0.684085252671503	0.6889535	0.0006015305	17.63321	17.29354	-1.0761790940158
595	0	0.729779820027761	0.7267442	0.0007683161	17.73943	17.42574	-1.14913504206015
596	0	0.670183212845586	0.6395349	0.0007716275	17.51638	17.14316	-0.661401034243373
597	0	0.704105053958483	0.7151163	0.0004825348	17.65341	17.27892	-0.947766601169372
598	0	0.736244581709616	0.7383721	0.0005946803	17.68016	17.36513	-1.13845613153847
599	0	0.680046336492524	0.6395349	0.0006723617	17.56212	17.22021	-0.944672381843464
59	0	0.677964178984985	0.6366279	0.0006362994	17.60141	17.14867	-0.86974406664305
5	0	0.725845677242614	0.747093	0.00067015	17.76436	17.45564	-1.17279713803858
600	0	0.711773344501853	0.7093023	0.0006957586	17.62964	17.27973	-0.970117316970198
601	0	0.719836104195565	0.7383721	0.0004277094	17.72932	17.41145	-0.999764740770258
602	0	0.718578563933261	0.7267442	0.0004723677	17.71854	17.39859	-1.36666133891365
603	0	0.674378378363326	0.6656977	0.0004021436	17.59461	17.13489	-1.08647874974298
604	0	0.658495612628758	0.6133721	0.000770163	17.47934	17.08674	-0.817539642481122
605	0	0.679016987374052	0.7267442	0.0007720518	17.59454	17.23914	-0.977348448156226
606	0	0.711248001060449	0.6715116	0.0005699094	17.66664	17.36318	-1.23007899745145
607	0	0.653867218550295	0.6569767	0.0007243937	17.12046	16.99128	-0.626264206696576
608	0	0.710831884271465	0.7180233	0.0007329468	17.76792	17.48699	-1.13111358695558
609	0	0.658612239337526	0.6598837	0.0007530887	17.43828	17.07217	-0.670704415603801
60	0	0.70371441100724	0.7267442	0.0005970877	17.74224	17.35452	-0.822582747261369
610	0	0.675205596373416	0.627907	0.0005630705	17.58002	17.18121	-0.825440999569592
611	0	0.740571304643527	0.7296512	0.0006009813	17.7	17.36897	-1.16694774989089
612	0	0.704539241851307	0.6947674	0.0006771891	17.6869	17.21144	-0.942196527608916
613	0	0.691695507778786	0.6773256	0.0005561354	17.33519	17.14214	-0.708776556494208
614	0	0.674080583034083	0.6540698	0.0006174704	17.56681	17.1873	-0.851493148406071
615	0	0.688897314295173	0.6976744	0.0005540012	17.6776	17.32233	-1.22558578018857
616	0	0.696354458271526	0.7122093	0.0005037751	17.67214	17.32508	-0.891708122045893
617	0	0.693466268945485	0.7005814	0.0006180674	17.67289	17.27849	-0.943368112354207
618	0	0.710596912191249	0.7325581	0.0007067472	17.68494	17.38988	-1.0118225878888
619	0	0.731515835016035	0.7151163	0.000414125	17.85417	17.50655	-1.13128814214382
61	0	0.726003001118079	0.6918605	0.0005001273	17.61033	17.30425	-1.07681742051427
620	0	0.712816623854451	0.6744186	0.0004622832	17.61354	17.3307	-1.07973819197538
621	0	0.652745634224266	0.625	0.0004993889	17.6006	17.10364	-0.762153841911311
622	0	0.73180511565879	0.7151163	0.0004538673	17.73813	17.44281	-1.18856707019357
623	0	0.744707606453449	0.7587209	0.0005059652	17.63132	17.30773	-1.06707940664793
624	0	0.704762093233876	0.7354651	0.0006182772	17.64225	17.33197	-1.13003030944828
625	0	0.685278017236851	0.6889535	0.0006583154	17.56547	17.12464	-0.674137684446096
626	0	0.662102355877869	0.6686047	0.0007098338	17.1263	17.03421	-0.631582525230667
627	0	0.682007927284576	0.6656977	0.0005630606	17.59909	17.22629	-0.903772426558428
628	0	0.711153649212793	0.75	0.0007331242	17.70624	17.34196	-0.873849883450741
629	0	0.685779423126951	0.6511628	0.000548935	17.62995	17.27613	-0.881060319319773
62	0	0.74049000593368	0.7761628	0.0007771939	17.76484	17.47972	-1.58436324429394
630	0	0.680623408430256	0.7151163	0.0005146263	17.3673	17.12152	-0.793847676132967
631	0	0.725289768399671	0.6889535	0.0004855769	17.69668	17.34456	-1.05203704267206
632	0	0.695027747726999	0.7151163	0.0007970253	17.63571	17.25237	-0.975553231055088
633	0	0.704553554998711	0.6569767	0.0006506949	17.60806	17.27179	-1.02305413184565
634	0	0.680774164688773	0.6569767	0.000870454	17.626	17.24936	-1.09580100043634
635	0	0.718691648589447	0.7412791	0.0005541823	17.71341	17.29956	-0.916221488084153
636	0	0.69032174393069	0.7063953	0.0007426064	17.68031	17.25393	-0.912377948341385
637	0	0.653601641464047	0.6482558	0.0008306239	17.56912	17.15648	-0.799491660168684
638	0	0.677537223277614	0.6569767	0.000531926	17.6097	17.2493	-0.968533399579408
639	0	0.684281409066171	0.7093023	0.0007569099	17.61754	17.30834	-0.929050762412646
63	0	0.747278125258163	0.7616279	0.0004222886	17.72327	17.39053	-1.07195025568815
640	0	0.684156961087138	0.6773256	0.0008047473	17.62163	17.19549	-0.935083757203703
641	0	0.689524998655543	0.7267442	0.001007907	17.6736	17.28883	-1.07144015707625
642	0	0.679857827839442	0.6482558	0.0007289012	17.65803	17.3089	-1.02522339907958
643	0	0.708762576500885	0.7063953	0.0007191798	17.60482	17.26022	-1.00379282440644
644	0	0.715814263559878	0.6831395	0.0004032258	17.70949	17.32919	-0.995499911822585
645	0	0.747038083476946	0.7848837	0.0005866315	17.85819	17.56157	-1.64550012165192
646	0	0.656574283353984	0.6715116	0.0005716397	17.63934	17.29489	-0.945215519708302
647	0	0.734101704647765	0.7238372	0.000847646	17.70131	17.40532	-1.41170254905069
648	0	0.726045449310914	0.7267442	0.0005288583	17.7455	17.47341	-1.05570381500511
649	0	0.686182971391827	0.6686047	0.0005498882	17.50587	17.19135	-1.02783340362093
64	0	0.705167143163271	0.7151163	0.0007085282	17.6278	17.29121	-0.773635702069753
650	0	0.703811765275896	0.75	0.0006379237	17.69938	17.39151	-1.10671071850667
651	0	0.716013107122853	0.75	0.001113797	17.76979	17.47706	-1.40722392867888
652	0	0.675983849144541	0.6976744	0.0009118315	17.56904	17.12227	-0.728811377022932
653	0	0.672475112089887	0.6802326	0.0006165498	17.59848	17.18832	-0.805051632210484
654	0	0.708280706289224	0.7732558	0.0006324961	17.6556	17.36602	-1.08923261809017
655	0	0.734106264053844	0.7151163	0.0007248558	17.80202	17.3433	-1.18891674830351
656	0	0.700875791953877	0.6918605	0.0005465437	17.64868	17.31341	-1.04898976441484
657	0	0.749620498437434	0.7732558	0.0007008236	17.85125	17.52329	-1.28617089106184
658	0	0.669182033254765	0.6627907	0.0006459452	17.5993	17.1969	-1.02746962640599
659	0	0.730772181530483	0.75	0.0004914167	17.84247	17.51837	-1.13013358335457
65	0	0.693253242969513	0.7122093	0.0005973035	17.66365	17.25576	-0.836682968159939
660	0	0.68637480547186	0.6598837	0.0003553609	17.64073	17.24546	-0.816521328632163
661	0	0.654229571134783	0.6947674	0.0007231949	17.23748	17.01824	-0.581807855921332
662	0	0.732365955971181	0.7616279	0.0008469822	17.7488	17.45462	-1.29578819963908
663	0	0.747364298813045	0.7354651	0.0005888327	17.82571	17.5189	-1.38762661449589
664	0	0.727483716257848	0.7936047	0.0007025769	17.77549	17.47539	-1.31671696083019
665	0	0.654517355933785	0.6744186	0.0007588587	17.50946	17.0904	-0.797658747474733
666	0	0.678728550649248	0.7093023	0.0006567244	17.54725	17.22107	-0.891551096993575
667	0	0.706916921027005	0.7180233	0.000799133	17.72403	17.41287	-1.13547406275073
668	0	0.692692231456749	0.6511628	0.0008442324	17.62268	17.25141	-0.929647479092663
669	0	0.690989762707613	0.6831395	0.0005177093	17.74302	17.29978	-1.09345088322663
66	0	0.682804100983776	0.7383721	0.0006183208	17.6184	17.22474	-0.77349580861854
670	0	0.700143916509114	0.6744186	0.0004747103	17.59473	17.19534	-0.830512763696161
671	0	0.700178876146674	0.6860465	0.0005705833	17.63939	17.36183	-0.878520079657531
672	0	0.663676258129999	0.6947674	0.0005132849	17.28096	17.04503	-0.563252070585435
673	0	0.679266312764958	0.6773256	0.0006365357	17.60136	17.19497	-0.728726660992283
674	0	0.713683812087402	0.7383721	0.0004831275	17.67136	17.32305	-0.841803545752552
675	0	0.689531268365681	0.6395349	0.0004712064	17.56311	17.16508	-0.488060950245208
676	0	0.69269457529299	0.7296512	0.0004119737	17.61485	17.19577	-1.14823017363226
677	0	0.661511390912347	0.6744186	0.000700029	17.46764	17.17962	-0.816803149699544
678	0	0.684055703366175	0.7122093	0.0008419414	17.57752	17.23914	-0.794888746005258
679	0	0.698698702594265	0.6947674	0.0009034165	17.68583	17.34969	-0.984117195399442
67	0	0.661602835031226	0.6831395	0.0006973994	17.56226	17.13541	-0.830937649749803
680	0	0.727713987696916	0.7238372	0.0006068052	17.6928	17.34979	-0.963517728149976
681	0	0.707271430874243	0.6947674	0.0006810114	17.72659	17.53095	-1.17488387841498
682	0	0.705326889967546	0.7645349	0.0007014123	17.69319	17.30106	-0.975156963101607
683	0	0.665625656209886	0.7151163	0.0008605808	17.59926	17.23913	-0.629298034731167
684	0	0.727851693425328	0.6976744	0.0007776875	17.72292	17.44611	-1.24074537030503
685	0	0.720375258801505	0.7761628	0.0005040851	17.84288	17.54993	-1.2376742739892
686	0	0.716253677243367	0.6947674	0.000556028	17.68855	17.32983	-1.2019908604505
687	0	0.700822872365825	0.6918605	0.000575639	17.66418	17.33276	-1.17217675725962
688	0	0.693709623627365	0.6831395	0.0008300264	17.62556	17.18936	-0.824202342079636
689	0	0.732428075675853	0.7296512	0.0006946932	17.80843	17.44418	-1.35746992971577
68	0	0.741047226754017	0.8023256	0.0007753303	17.81117	17.47375	-1.34793731409401
690	0	0.734583068871871	0.8023256	0.0008766088	17.88956	17.60369	-1.51921106711861
691	0	0.700477129290812	0.7122093	0.0009299155	17.68383	17.26515	-0.895034774861543
692	0	0.742447333503515	0.7296512	0.0005924591	17.72582	17.38223	-1.03478959445298
693	0	0.723128000390716	0.6918605	0.000517524	17.75734	17.40219	-1.33886399323303
694	0	0.671499732625671	0.6656977	0.0004251763	17.61785	17.17331	-0.847002173608773
695	0	0.709120504232123	0.7063953	0.0006537406	17.587	17.26351	-0.867347865332017
696	0	0.747202078066766	0.7354651	0.0004292887	17.78017	17.45849	-1.32543483360289
697	0	0.689318722393364	0.6744186	0.0008823543	17.5301	17.13857	-0.852452022519935
698	0	0.736874889396131	0.7674419	0.0005630594	17.7755	17.46371	-1.21167093173652
699	0	0.695753565523773	0.6773256	0.000506506	17.69455	17.34667	-0.931357902369887
69	0	0.7487213953631	0.8197674	0.0006299446	17.85835	17.61178	-1.43121518486055
6	0	0.715972374239936	0.7005814	0.0008853284	17.62162	17.23057	-0.835369479049637
700	0	0.714455667324364	0.755814	0.0007070489	17.67304	17.28168	-0.862672173517678
701	0	0.704736415413208	0.7034884	0.0007554734	17.7529	17.40664	-0.925172257589471
702	0	0.745669757667929	0.7616279	0.000452335	17.81538	17.49558	-1.35110123144727
703	0	0.658543485752307	0.6744186	0.000581239	17.06071	17.0345	-0.497682813264229
704	0	0.687236114661209	0.7005814	0.0004966112	17.56906	17.2244	-0.896005203802317
705	0	0.734854007000104	0.7267442	0.0007580396	17.76606	17.45076	-1.12816865455695
706	0	0.65645431978628	0.6686047	0.001027494	17.48731	17.12037	-0.717591117889034
707	0	0.662411928270012	0.6976744	0.0008250515	17.51374	17.06169	-0.813437089106909
708	0	0.735962667432614	0.6947674	0.0007130312	17.69918	17.43887	-1.04066895492282
709	0	0.722652653302066	0.7325581	0.0005939486	17.72086	17.37379	-0.914912231863603
70	0	0.686556384130381	0.6744186	0.000567389	17.64911	17.23576	-0.925128773939147
710	0	0.728830412658863	0.6686047	0.0006637353	17.38678	17.18323	-0.880293758855105
711	0	0.691706727212295	0.75	0.0006115848	17.73911	17.23892	-0.990005970866825
712	0	0.724120554164983	0.7412791	0.0005692224	17.70104	17.3058	-0.835372841378741
713	0	0.738157804915682	0.7209302	0.0005252703	17.6982	17.39993	-1.21250416319769
714	0	0.712817393592559	0.75	0.0005227364	17.74099	17.42985	-1.00718426242182
715	0	0.74833236685954	0.7848837	0.0005041822	17.82952	17.55876	-1.33228863670035
716	0	0.712217229860835	0.7034884	0.0005660323	17.72421	17.42261	-1.16818803256839
717	0	0.655586712714285	0.6831395	0.0004488752	17.55961	17.20542	-0.833138918573991
718	0	0.723736321716569	0.7151163	0.0006259182	17.76285	17.37921	-1.40557923937566
719	0	0.678446275182068	0.6540698	0.0005571115	17.61126	17.30095	-0.90447049598077
71	0	0.691514156362973	0.7296512	0.0007623386	17.66814	17.26838	-1.28162933619147
720	0	0.726120091415942	0.7383721	0.000601074	17.73689	17.42521	-1.30216015751098
721	0	0.663276397995651	0.622093	0.001097177	17.19574	17.10393	-0.632443662929827
722	0	0.68913353451062	0.6395349	0.0005919977	17.40425	17.10091	-0.766962265405366
723	0	0.748378367885016	0.7674419	0.0007086399	17.7724	17.45415	-1.33245514837349
724	0	0.695110593107529	0.6627907	0.0006632877	17.64931	17.24666	-0.974696868052368
725	0	0.672605291358195	0.6598837	0.0007851281	17.65853	17.23344	-0.815570914846451
726	0	0.710364591889083	0.6773256	0.0006811905	17.61397	17.23434	-1.02344659322793
727	0	0.692349045467563	0.7296512	0.0007463422	17.52377	17.22545	-0.894163414706861
728	0	0.667578143044375	0.6540698	0.0009880704	17.66864	17.27428	-0.66441926709084
729	0	0.67303923969157	0.6976744	0.0005689164	17.67839	17.216	-0.662445826271831
72	0	0.686791917379014	0.6598837	0.0004975754	17.57141	17.21997	-1.00897763042822
730	0	0.694402280193753	0.7587209	0.0005150126	17.70475	17.31091	-0.863587310381831
731	0	0.725738404295407	0.7325581	0.0005640757	17.73767	17.37489	-1.20192520788655
732	0	0.690910963900387	0.6569767	0.0005704803	17.67869	17.25143	-0.966822409936259
733	0	0.737252304470167	0.7180233	0.0005414379	17.73915	17.42463	-0.90123612992655
734	0	0.674158544768579	0.6453488	0.0005772827	17.38639	17.19889	-1.06016866972659
735	0	0.65224631857127	0.6860465	0.0007989533	17.50485	17.09619	-0.725719833926756
736	0	0.728031904110685	0.7819767	0.000820503	17.75318	17.41174	-1.01542699540723
737	0	0.666076935571618	0.7180233	0.0007053133	17.33771	17.06348	-0.658895663463392
738	0	0.723105554236099	0.7180233	0.0005258638	17.73959	17.41842	-1.5232659415997
739	0	0.706933852937073	0.7122093	0.001022425	17.71888	17.42266	-1.11355713158898
73	0	0.682578826532699	0.6802326	0.000859111	17.27603	17.07402	-0.802182005159916
740	0	0.65265903538093	0.6773256	0.0005619279	16.9952	16.99724	-0.623662066656656
741	0	0.74464363057632	0.7877907	0.0006317897	17.69187	17.45112	-0.8663496270352
742	0	0.667005623597652	0.6918605	0.0006189415	17.66904	17.26127	-0.628695409201158
743	0	0.733990920707583	0.7354651	0.0006407406	17.87593	17.51602	-1.30532213883975
744	0	0.730102219991386	0.7238372	0.0005805902	17.67417	17.38515	-1.11544714502672
745	0	0.738225211529061	0.7761628	0.0006961062	17.78694	17.45103	-1.21127651403488
746	0	0.677773552294821	0.7034884	0.0006334217	17.5597	17.21858	-0.852575669291699
747	0	0.719824795401655	0.6889535	0.0006981468	17.6824	17.3016	-0.899484491487909
748	0	0.714650993957184	0.7063953	0.0007267892	17.6716	17.28055	-0.98692504578482
749	0	0.744160355604254	0.7354651	0.0006874794	17.71241	17.40975	-1.1076146914352
74	0	0.712945022131316	0.7354651	0.0005028065	17.76082	17.40716	-1.18383746271335
750	0	0.657630275120027	0.6802326	0.0005353485	17.50958	17.08173	-0.657973819690735
751	0	0.7114151785383	0.7180233	0.0005621174	17.72051	17.41383	-1.0011522469746
752	0	0.669416839512996	0.6453488	0.000840476	17.52904	17.11318	-0.786773373283322
753	0	0.729979376448318	0.755814	0.0006292668	17.66268	17.33815	-1.01639908952953
754	0	0.711771570588462	0.747093	0.0007285579	17.68892	17.2983	-0.949043944286181
755	0	0.679639443010092	0.6918605	0.0005010432	17.68298	17.29225	-0.991329643074916
756	0	0.713966471189633	0.7412791	0.0005386216	17.75126	17.41681	-1.20640853197931
757	0	0.707868557563052	0.6802326	0.0007198894	17.59441	17.28313	-0.976882959064478
758	0	0.661902826861478	0.6482558	0.0008587575	17.57234	17.15324	-0.785817390397532
759	0	0.745212416048162	0.7063953	0.0007563714	17.78532	17.42308	-1.09609146494489
75	0	0.689022780372761	0.6860465	0.0005826754	17.41742	17.13931	-0.811713420397304
760	0	0.731424386124127	0.6947674	0.0006578021	17.87107	17.58122	-1.44028398951264
761	0	0.742363031837158	0.744186	0.0005444816	17.76422	17.44888	-1.30135195140888
762	0	0.715460429782979	0.7296512	0.0005032726	17.75712	17.37224	-0.895613265238574
763	0	0.730581348459236	0.7180233	0.0006271663	17.82092	17.45306	-1.08478382385313
764	0	0.734412608970888	0.6540698	0.0008650199	17.73144	17.42658	-1.0672835319066
765	0	0.715527101396583	0.7267442	0.001038882	17.68785	17.35089	-1.3509319335496
766	0	0.709457043348812	0.7034884	0.00058588	17.66407	17.25458	-1.06452933249544
767	0	0.677877714298666	0.6656977	0.0004447975	17.62057	17.19241	-0.967692880303233
768	0	0.744808046007529	0.755814	0.0006698511	17.71901	17.32579	-1.12208856936763
769	0	0.680391541472636	0.7267442	0.0007102022	17.53455	17.16397	-0.746574008992869
76	0	0.651572937099263	0.6860465	0.0005110354	17.19841	17.08498	-0.702905838467256
770	0	0.681180990743451	0.747093	0.0006934554	17.64521	17.3089	-0.983207358311799
771	0	0.725796120730229	0.7209302	0.0008164536	17.79602	17.45076	-1.04869553589397
772	0	0.684550877893344	0.6511628	0.0008878445	17.64133	17.21747	-0.95734410897542
773	0	0.688246440398507	0.7034884	0.000703252	17.61973	17.23206	-1.05862588119798
774	0	0.678360345889814	0.6511628	0.0007872644	17.55441	17.18199	-0.984453812059376
775	0	0.669806594890542	0.6424419	0.001014585	17.50747	17.09399	-0.786476641045032
776	0	0.699360385094769	0.6598837	0.0007220437	17.68563	17.29491	-0.793581172897435
777	0	0.688490422372706	0.7296512	0.0006280104	17.70292	17.33098	-0.940407644163667
778	0	0.697409434244037	0.7325581	0.0006837936	17.63518	17.29092	-0.821489253075544
779	0	0.666564385709353	0.6569767	0.0006574957	17.55674	17.1599	-0.792112280415813
77	0	0.701393683510833	0.7034884	0.0006895938	17.60286	17.28297	-1.01553386708754
780	0	0.722683714213781	0.7296512	0.001098707	17.63303	17.2635	-1.03684142832301
781	0	0.73831199859269	0.7093023	0.0007375398	17.80057	17.51207	-1.05817230090304
782	0	0.684121355414391	0.6831395	0.0006422547	17.68216	17.22383	-1.00139322033275
783	0	0.725784527906217	0.6947674	0.0009145056	17.72966	17.42821	-1.10161519413193
784	0	0.728744255704805	0.7267442	0.0003911611	17.67539	17.35046	-1.11333783737414
785	0	0.692715227184817	0.6860465	0.0003928181	17.678	17.30568	-0.840628113358039
786	0	0.660789397289045	0.6744186	0.000870853	17.5038	17.11993	-0.767157393298862
787	0	0.691814561490901	0.7005814	0.000676947	17.70127	17.39378	-1.06320067012198
788	0	0.719711366901174	0.752907	0.000609542	17.79706	17.50009	-0.995068215183803
789	0	0.675835379678756	0.6802326	0.0007045738	17.6018	17.17982	-0.814143144768913
78	0	0.692585046240129	0.7034884	0.0007825479	17.58621	17.24114	-1.03098333877833
790	0	0.710482927644625	0.7034884	0.0007689183	17.65549	17.27808	-0.809938125317813
791	0	0.68071038685739	0.7005814	0.0005476288	17.64799	17.2197	-0.856309934253035
792	0	0.658831278979778	0.6424419	0.0005955725	17.23023	17.02243	-0.486147650152184
793	0	0.73271609658841	0.7005814	0.0005570038	17.65434	17.35354	-1.04270436949997
794	0	0.68708952346351	0.7034884	0.0006467348	17.60952	17.18446	-0.993039883279888
795	0	0.709415074018761	0.7383721	0.0006693919	17.629	17.24324	-0.902711277655324
796	0	0.664234313135967	0.6424419	0.0008459498	17.61521	17.2404	-1.1214091490718
797	0	0.722684594872408	0.7209302	0.0005770445	17.73874	17.40515	-1.10056957494132
798	0	0.684159357356839	0.6947674	0.0006923746	17.5441	17.1939	-0.708504208835098
799	0	0.673754398501478	0.6598837	0.0006777126	17.33835	17.06439	-0.621621574093375
79	0	0.731527273682877	0.7151163	0.0005175663	17.69811	17.38286	-1.05277147141875
7	0	0.689265941572376	0.6947674	0.0008300533	17.7029	17.40683	-1.01831907466564
800	0	0.669728842726909	0.6627907	0.001028431	17.57045	17.19256	-0.77510992748446
801	0	0.699834872479551	0.6598837	0.0007969158	17.67088	17.30738	-1.10656106230914
802	0	0.746432896354236	0.7645349	0.0005701698	17.72752	17.43301	-1.37731259083073
803	0	0.73244593446143	0.7354651	0.0007165022	17.68038	17.34064	-0.950633880778056
804	0	0.665198766835965	0.7238372	0.0008449513	17.64796	17.25082	-0.90025487178257
805	0	0.726590405683964	0.7383721	0.0004837613	17.77357	17.45746	-1.50333447965805
806	0	0.722422735090367	0.7296512	0.0004830467	17.68979	17.31975	-0.836978340730799
807	0	0.692124191159383	0.6424419	0.0006211239	17.59078	17.21296	-0.722497176775011
808	0	0.684676076611504	0.6831395	0.0005523002	17.41185	17.17537	-0.922642323314496
809	0	0.705915360269137	0.6744186	0.000805786	17.58166	17.25841	-1.01585316885107
80	0	0.729674952826463	0.7906977	0.0004880979	17.73388	17.45257	-1.08238696374905
810	0	0.730488480161876	0.6976744	0.0005247918	17.76315	17.40426	-1.17590597411735
811	0	0.698054622625932	0.6860465	0.0003998478	17.67014	17.2959	-1.01842593421624
812	0	0.702102619362995	0.7965116	0.0007051107	17.66566	17.32983	-0.980741100095675
813	0	0.725658094370738	0.7703488	0.0005555513	17.76159	17.52024	-1.24312723359116
814	0	0.724024143326096	0.7616279	0.0006179879	17.78234	17.4157	-1.4559981497943
815	0	0.666147708077915	0.625	0.00068703	17.6123	17.20887	-0.878272527087611
816	0	0.701272573927417	0.7296512	0.0007832533	17.48298	17.1907	-0.879144191354039
817	0	0.666428272332996	0.6453488	0.0009728469	17.60185	17.16028	-0.754308619094082
818	0	0.650958813214675	0.6511628	0.0009285011	17.18772	17.12747	-0.750132027128725
819	0	0.676064049499109	0.6918605	0.0006328199	17.54203	17.20186	-0.60692132144766
81	0	0.662437419849448	0.619186	0.000713596	17.50559	17.08804	-0.516559178917662
820	0	0.690332193649374	0.6918605	0.000676082	17.56051	17.2521	-0.977024591021815
821	0	0.723628064291552	0.744186	0.0007357355	17.70585	17.41207	-1.16210860037112
822	0	0.725356738292612	0.6918605	0.0005641454	17.67695	17.43578	-1.16174782493494
823	0	0.68078229140956	0.6424419	0.0008568818	17.61056	17.23447	-0.933043141139632
824	0	0.656938620726578	0.6889535	0.0006958271	17.51074	17.17495	-0.537808527160754
825	0	0.675277268351056	0.6715116	0.000669013	17.63906	17.30497	-1.06477021731759
826	0	0.745848282217048	0.752907	0.0006820717	17.77513	17.39506	-1.1510403070771
827	0	0.707100955676287	0.6482558	0.0006438406	17.71825	17.40238	-1.04116350060423
828	0	0.721372379665263	0.7412791	0.0009566656	17.71628	17.44683	-1.40277350857031
829	0	0.698586726607755	0.747093	0.0006673352	17.6307	17.21727	-1.06200950415696
82	0	0.668979041953571	0.6627907	0.000507267	17.61928	17.28014	-0.811804411285081
830	0	0.650706600374542	0.6656977	0.0004802541	17.2379	17.07828	-0.803184643293019
831	0	0.673160821921192	0.7151163	0.0008210461	17.39173	17.12113	-0.782773997527764
832	0	0.712573693855666	0.6889535	0.000701771	17.68791	17.36679	-1.17468551189734
833	0	0.707369710155763	0.6976744	0.0006279345	17.7907	17.49631	-1.2349821647271
834	0	0.721863572229631	0.7645349	0.0005763432	17.74907	17.41219	-1.3404516087062
835	0	0.680681361025199	0.6976744	0.0006610333	17.67824	17.41355	-1.36090173537602
836	0	0.73656610972248	0.7674419	0.0006459853	17.81163	17.45139	-1.35549936436447
837	0	0.69374351745937	0.7238372	0.0007421019	17.59879	17.19453	-1.07657264015372
838	0	0.707196843135171	0.6860465	0.0008437509	17.68148	17.3455	-1.20192738259579
839	0	0.65268445641268	0.6686047	0.0008625409	17.55132	17.09591	-0.555622919461721
83	0	0.672716213972308	0.6569767	0.000565574	17.53311	17.13724	-0.930851129835082
840	0	0.742393776704557	0.7267442	0.0004778573	17.80254	17.52426	-1.2843998947847
841	0	0.65165212682914	0.6424419	0.0006158841	17.4658	17.1411	-0.826818302543053
842	0	0.706066565448418	0.755814	0.0004926462	17.71285	17.36055	-1.32875264694871
843	0	0.650756641407497	0.7093023	0.0005677709	17.48168	17.12901	-0.530171274218849
844	0	0.703552024951205	0.7122093	0.0006432642	17.67936	17.35412	-1.45404595228053
845	0	0.688418439822271	0.6976744	0.0005009287	17.66849	17.28049	-0.946538437501738
846	0	0.675407799752429	0.6802326	0.0004134118	17.73506	17.3048	-1.15057758400634
847	0	0.724394639837556	0.6976744	0.0007108839	17.72356	17.41641	-1.08836665367652
848	0	0.666990457824431	0.6686047	0.0008122412	17.54208	17.17185	-0.825022596130794
849	0	0.666730647883378	0.6889535	0.0007739608	17.47263	17.112	-0.590029382549608
84	0	0.654499977687374	0.6017442	0.0007970267	17.24843	17.00307	-0.554825639073623
850	0	0.682296394347213	0.6831395	0.0006108105	17.56418	17.23376	-0.823469190166997
851	0	0.672674180171453	0.6744186	0.0006049657	17.65113	17.26467	-0.90045131611551
852	0	0.749527963087894	0.7877907	0.0004979976	17.70419	17.32642	-0.979299454502336
853	0	0.653877062280662	0.6598837	0.00100891	17.23411	17.05115	-0.605570390081958
854	0	0.69104932337068	0.6773256	0.000601509	17.68219	17.35039	-1.11479902674428
855	0	0.742751301266253	0.752907	0.0003986512	17.73306	17.38546	-1.00161534287028
856	0	0.734672866761684	0.755814	0.0005981538	17.75749	17.43241	-1.16731765295968
857	0	0.728002517577261	0.6889535	0.0004558224	17.59705	17.31254	-1.1070538812401
858	0	0.732806019065902	0.7703488	0.0005183521	17.74343	17.38618	-1.23644990852231
859	0	0.710129415267147	0.7354651	0.0006850339	17.66504	17.31541	-1.17507793795709
85	0	0.677162335719913	0.6802326	0.0007208281	17.60619	17.2775	-0.954443826910261
860	0	0.744900757074356	0.75	0.0007041145	17.79275	17.506	-1.20922799928523
861	0	0.699080196488649	0.6976744	0.0008968957	17.6904	17.36697	-1.04349808609918
862	0	0.719236130733043	0.752907	0.0005920427	17.71608	17.39562	-1.10247750192512
863	0	0.737251200550236	0.7296512	0.0007988924	17.66331	17.31576	-0.975719918937452
864	0	0.691983850602992	0.6976744	0.0005716238	17.59745	17.3071	-1.0238815091352
865	0	0.677039790386334	0.6104651	0.0009535825	17.56453	17.16814	-0.870955690141941
866	0	0.663196372659877	0.6831395	0.0004914914	17.27639	17.129	-0.714423430278456
867	0	0.658402930363081	0.6366279	0.0006411307	17.53723	17.0981	-0.624259025277152
868	0	0.668982632597908	0.627907	0.0008905725	17.31868	17.00304	-0.406006474105514
869	0	0.665281541948207	0.6337209	0.0006574756	17.6303	17.14976	-0.742933996699758
86	0	0.713461211742833	0.7383721	0.0007257636	17.71066	17.29968	-0.886070741408033
870	0	0.696254013245925	0.6976744	0.0004793329	17.69767	17.40243	-1.05538603367439
871	0	0.683476376556791	0.6831395	0.00049889	17.67371	17.2897	-0.974961248927711
872	0	0.679508222849108	0.6802326	0.000905644	17.49496	17.07715	-1.09525343390591
873	0	0.728174452064559	0.7354651	0.0007433229	17.76312	17.39585	-1.21888201889838
874	0	0.664912603236735	0.6511628	0.0009942271	17.514	17.13335	-0.56394816522172
875	0	0.701019043149427	0.7354651	0.0005495902	17.59558	17.26811	-1.03637724673464
876	0	0.742076494474895	0.7703488	0.0004808259	17.80021	17.5498	-1.153308032975
877	0	0.701689281384461	0.6598837	0.0006806776	17.65703	17.32028	-0.75891781795762
878	0	0.732819751300849	0.75	0.0005473536	17.80321	17.50129	-1.18320656711419
879	0	0.743262388790026	0.7994186	0.0008791107	17.70999	17.36907	-1.20271575408454
87	0	0.655246549565345	0.6453488	0.0005542948	17.17525	17.04363	-0.577991091587793
880	0	0.745843956875615	0.744186	0.0003999204	17.79651	17.43187	-0.870879794360746
881	0	0.697870672447607	0.7325581	0.0004420493	17.66154	17.29066	-1.0277108480234
882	0	0.689443531748839	0.7093023	0.0007021984	17.55259	17.16699	-0.880315336121213
883	0	0.682741868542507	0.6773256	0.000831872	17.561	17.19506	-0.871197862949063
884	0	0.661972468951717	0.6366279	0.0004961791	17.24888	17.076	-0.705116724600951
885	0	0.664340920210816	0.6482558	0.0007308224	17.63129	17.24182	-0.798174418954904
886	0	0.739177696825936	0.7965116	0.0006595785	17.81318	17.53011	-1.32873124146134
887	0	0.715937917400151	0.6860465	0.0005578443	17.76252	17.34949	-0.941777164114394
888	0	0.661804963229224	0.6598837	0.0005559801	17.53778	17.16056	-0.508238209826387
889	0	0.687349988077767	0.6686047	0.0007853421	17.48715	17.10914	-0.672768920125402
88	0	0.715192996175028	0.7180233	0.0007223681	17.68488	17.18221	-1.11513193701625
890	0	0.709582634596154	0.6860465	0.0006669614	17.74483	17.35778	-0.817593876682353
891	0	0.651188222295605	0.630814	0.0006899196	17.50605	17.05741	-0.578045553559796
892	0	0.714011066686362	0.7122093	0.0004747017	17.67395	17.24502	-1.05582634239521
893	0	0.74263032595627	0.752907	0.0005769644	17.77795	17.41894	-1.02156193686447
894	0	0.72727173732128	0.7325581	0.0005003087	17.79661	17.41132	-1.16835085916212
895	0	0.675477528059855	0.7005814	0.0007116912	17.68471	17.24429	-0.845140369000936
896	0	0.659805043926463	0.5959302	0.0005470879	17.60387	17.18106	-0.748091298440397
897	0	0.701221102825366	0.7267442	0.0005244607	17.74618	17.42436	-1.13873265039779
898	0	0.664492789050564	0.6860465	0.0007479664	17.68273	17.36582	-0.832635608978975
899	0	0.695500734169036	0.7122093	0.0007539884	17.66104	17.34159	-0.986275656534213
89	0	0.714522538520396	0.7383721	0.0006158749	17.72824	17.41978	-1.20882674530969
8	0	0.659884837665595	0.7151163	0.0006441912	17.62679	17.2993	-0.953778281955677
900	0	0.687908126739785	0.6802326	0.0005288393	17.68942	17.36352	-0.967745809051503
901	0	0.71987205282785	0.744186	0.0006702893	17.76147	17.32672	-0.98414505774413
902	0	0.708164362283423	0.6395349	0.0007516222	17.6436	17.24918	-1.02377848014399
903	0	0.678046066802926	0.6337209	0.0007096039	17.51692	17.18086	-0.745191146058559
904	0	0.656777142477222	0.6656977	0.0006113326	17.63732	17.19242	-0.814586291312245
905	0	0.684314043121412	0.755814	0.0005500364	17.66063	17.33601	-1.03179273338658
906	0	0.667904134956188	0.6860465	0.000855924	17.4355	17.13591	-0.853735494951213
907	0	0.650202375417575	0.6918605	0.0005287897	17.5615	17.0928	-0.748278142076407
908	0	0.668066008365713	0.6860465	0.001012815	17.57946	17.22107	-0.871739938717121
909	0	0.669532933691517	0.6337209	0.0003944162	17.6437	17.24786	-0.851464593034203
90	0	0.654154185811058	0.6395349	0.0007637042	17.65168	17.16714	-0.695979855291168
910	0	0.65012249071151	0.6104651	0.0006778404	17.55798	17.16566	-0.872736575410376
911	0	0.713506755442359	0.7383721	0.0008018786	17.67423	17.41847	-1.10201168061243
912	0	0.687947864132002	0.6569767	0.0005877858	17.59166	17.26616	-0.760923315821603
913	0	0.691190312663093	0.7093023	0.0006357347	17.65574	17.25612	-1.039874589477
914	0	0.703020713035949	0.7180233	0.0006077311	17.62333	17.2846	-0.868036328827198
915	0	0.689345054933801	0.6540698	0.0008435854	17.57827	17.22444	-0.875561708596852
916	0	0.651663478463888	0.5988372	0.0007778643	17.62099	17.17841	-0.691783312197697
917	0	0.652905556070618	0.6773256	0.0007056953	17.57762	17.21504	-0.914438469875645
918	0	0.668517220229842	0.6656977	0.0006181111	17.60392	17.22534	-1.01544031371723
919	0	0.686710365954787	0.7122093	0.0007120624	17.65282	17.29346	-0.797407591451759
91	0	0.679243131563999	0.7005814	0.0005927087	17.55887	17.27073	-1.2387482603848
920	0	0.672084701759741	0.6656977	0.0005552987	17.65436	17.34503	-0.950920778634855
921	0	0.724628786696121	0.7674419	0.0005456929	17.82122	17.50717	-1.18884089645189
922	0	0.677863551257178	0.6773256	0.0006412844	17.65368	17.27917	-1.03142978679354
923	0	0.667926313332282	0.6569767	0.0006393843	17.49531	17.09342	-0.385781205841814
924	0	0.692591663100757	0.6889535	0.0006395682	17.59235	17.18095	-0.904520704522161
925	0	0.695394121319987	0.6947674	0.0006351846	17.25306	17.14247	-0.71846416382835
926	0	0.74216351499781	0.6918605	0.0005008977	17.77284	17.47621	-1.12088015681478
927	0	0.706973274447955	0.7267442	0.0006048425	17.72671	17.3538	-1.14244397947519
928	0	0.705211220425554	0.755814	0.0005771897	17.81024	17.46896	-1.38102153436817
929	0	0.745589298917912	0.7587209	0.0006924875	17.65449	17.3729	-1.11915143840758
92	0	0.678553238837048	0.6744186	0.0004377488	17.62413	17.21924	-0.92674590682842
930	0	0.654553093132563	0.6453488	0.0005367263	17.57694	17.11277	-0.862907279039654
931	0	0.654495620145462	0.622093	0.0007340117	17.446	17.07166	-0.449719091962908
932	0	0.669848696189001	0.627907	0.000748664	17.56514	17.17787	-0.845900594659112
933	0	0.694970190292224	0.6831395	0.001016509	17.62631	17.19982	-0.946223052196999
934	0	0.662817035801709	0.6889535	0.0007939164	17.47277	17.14075	-0.538630487599478
935	0	0.74624065682292	0.7819767	0.0003412768	17.91413	17.66084	-1.58405415996319
936	0	0.651218057353981	0.622093	0.0005466222	17.54586	17.11279	-0.504500595683451
937	0	0.700987350521609	0.6947674	0.0006191687	17.66246	17.22605	-1.11244387401678
938	0	0.689492985629477	0.6482558	0.0009823331	17.3943	17.11726	-0.7890129905544
939	0	0.739917151257396	0.744186	0.0003409206	17.77872	17.49905	-1.59129355166403
93	0	0.712601117789745	0.6569767	0.0007475483	17.65389	17.27137	-1.07536617729482
940	0	0.678876059595495	0.6395349	0.0007676546	17.66685	17.27061	-0.932249665098436
941	0	0.690537686785683	0.7034884	0.0006231478	17.66747	17.25342	-0.997757614523072
942	0	0.745967240189202	0.6918605	0.0004979504	17.81882	17.46954	-1.16794163320863
943	0	0.747691492084414	0.7151163	0.0003821941	17.80551	17.47022	-1.34197959428865
944	0	0.653988544037566	0.6860465	0.0005949113	17.64237	17.23884	-0.649126144910167
945	0	0.690485984110273	0.6715116	0.001008004	17.61563	17.31925	-1.07322883637704
946	0	0.737664175406098	0.7645349	0.000852594	17.7773	17.3752	-1.07674000809286
947	0	0.662956406665035	0.6482558	0.0007070964	17.57777	17.17079	-0.801447845717335
948	0	0.66615833491087	0.6482558	0.0008949116	17.49252	17.1602	-0.468185244999408
949	0	0.663018792681396	0.6569767	0.0006396225	17.3556	17.1086	-0.865588628527917
94	0	0.668467280128971	0.7209302	0.0006354457	17.35323	17.06414	-0.665928638731458
950	0	0.696805949392729	0.6598837	0.0008312555	17.73399	17.42663	-0.89171888843525
951	0	0.723823232389986	0.7238372	0.0004836276	17.67402	17.42018	-1.20148816810626
952	0	0.683573626587167	0.6627907	0.0006040036	17.35584	17.07579	-0.585537095150711
953	0	0.688593090744689	0.6947674	0.0007042663	17.68607	17.34371	-1.34195830077119
954	0	0.655844138329849	0.6860465	0.0005392997	17.29818	17.01456	-0.742093472049542
955	0	0.667065086285584	0.6627907	0.0008745674	17.54954	17.16661	-0.634869016547732
956	0	0.709651896520518	0.7267442	0.0006644664	17.51961	17.15689	-0.897912173517521
957	0	0.675465973909013	0.6569767	0.0009743272	17.49331	17.11136	-0.838979094419493
958	0	0.69031656072475	0.6656977	0.0007303089	17.53965	17.24595	-0.954460797932435
959	0	0.655843162187375	0.6831395	0.0006878774	17.62936	17.1368	-0.79123519122516
95	0	0.667506451765075	0.6656977	0.0004550469	17.61779	17.21722	-0.952703345224323
960	0	0.711284296750091	0.7034884	0.0004282358	17.74901	17.42906	-1.16802945966458
961	0	0.744002590654418	0.7412791	0.0005806509	17.88134	17.53525	-1.2895405732554
962	0	0.656320694764145	0.6831395	0.001135858	17.44878	17.10288	-0.623510438559488
963	0	0.676479084859602	0.6860465	0.001090764	17.56512	17.16516	-0.66546313255681
964	0	0.6587790542515	0.6453488	0.0006525931	17.51449	17.07792	-0.840951414928462
965	0	0.71092618717812	0.7267442	0.0005091335	17.68502	17.31483	-1.07615203550552
966	0	0.686417651642114	0.6918605	0.000736916	17.70805	17.30067	-0.815557352048216
967	0	0.680242267739959	0.6715116	0.0007250592	17.31353	17.06271	-0.597520576215986
968	0	0.656391717866063	0.6918605	0.0007583657	17.44586	17.10402	-0.848129865821234
969	0	0.694995411857963	0.6453488	0.000655034	17.63128	17.19169	-0.70618404968107
96	0	0.676869795029052	0.6744186	0.0007278572	17.59448	17.18819	-0.849050747145423
970	0	0.726938981609419	0.7412791	0.0005693211	17.76448	17.5019	-1.09552333005891
971	0	0.720573232253082	0.75	0.0005421748	17.69589	17.31073	-0.973565679372397
972	0	0.730896839499474	0.6773256	0.0005564431	17.76286	17.43717	-1.02389579866323
973	0	0.72462204627227	0.744186	0.0004837369	17.7001	17.32334	-1.0231103846306
974	0	0.66582537915092	0.6686047	0.0005248894	17.55456	17.08413	-0.745237714482326
975	0	0.676358891790733	0.6686047	0.0007916235	17.65963	17.23796	-0.813254375017671
976	0	0.700289894011803	0.7151163	0.001027095	17.6678	17.30472	-1.02311705756091
977	0	0.695053129130974	0.6569767	0.0005911039	17.61046	17.21437	-0.995570236628846
978	0	0.675430970289744	0.6715116	0.0005495173	17.57336	17.21665	-0.838926784353642
979	0	0.697752023558132	0.6337209	0.0005672356	17.7159	17.34778	-1.1251178236249
97	0	0.703597457380965	0.6598837	0.0009503121	17.4952	17.18616	-0.963133814973377
980	0	0.69828081226442	0.6976744	0.001022626	17.60863	17.19442	-0.738296243358227
981	0	0.712843357748352	0.6860465	0.0007441013	17.58637	17.19963	-0.748232308809281
982	0	0.727310708444566	0.7383721	0.0005667599	17.77044	17.46752	-1.31709194974603
983	0	0.700193852512166	0.7238372	0.000582482	17.73405	17.35322	-1.06131691312186
984	0	0.698956790892407	0.7034884	0.0005699924	17.68516	17.24667	-0.945774050603327
985	0	0.728726610401645	0.7325581	0.0004980167	17.65636	17.37501	-1.01703232782442
986	0	0.738234967039898	0.7412791	0.0007719824	17.67847	17.28516	-0.840571593685278
987	0	0.706819046707824	0.7151163	0.0004657303	17.64181	17.25767	-0.905185129138593
988	0	0.703462766483426	0.6744186	0.0005566699	17.5898	17.23104	-0.948913937999814
989	0	0.684420107933693	0.7325581	0.0007184161	17.63951	17.27074	-0.954159540472409
98	0	0.658863342832774	0.6773256	0.0006574914	17.1835	17.07072	-0.845502860362546
990	0	0.736013959045522	0.755814	0.0006652431	17.82725	17.44792	-1.20823772241169
991	0	0.650057532568462	0.6453488	0.0007396214	17.62797	17.27627	-0.91757168315576
992	0	0.726611796906218	0.7180233	0.0006456293	17.71914	17.44357	-1.07682339907138
993	0	0.685592119395733	0.6802326	0.0006638696	17.56717	17.24518	-1.21412254832851
994	0	0.651092242845334	0.625	0.0008465792	17.24768	16.99871	-0.423622491290634
995	0	0.726613035355695	0.6715116	0.0005879189	17.61384	17.30867	-1.00228944092407
996	0	0.683678359305486	0.6976744	0.000516149	17.73345	17.26214	-0.939234667538117
997	0	0.714926997479051	0.7034884	0.0004501787	17.69607	17.39831	-1.11904032146973
998	0	0.702634903043509	0.6860465	0.0007167164	17.69209	17.36305	-1.11190535791933
999	0	0.725161205697805	0.7209302	0.0005789452	17.71023	17.33906	-0.946843391348852
99	0	0.73057781686075	0.755814	0.0006176595	17.77245	17.42255	-0.942778252238023
9	0	0.700427521951497	0.6540698	0.0005021856	17.57667	17.24218	-0.914054304337514
