seed	s	m	bene_prop	var_prop	median_tract	mean_tract	iDAT_score
1000	0	0.664496195269749	0.6627907	0.0005823361	17.45822	17.12616	-0.715219285244143
100	0	0.731142224580981	0.7383721	0.0008122834	17.77637	17.51874	-1.17936441952745
101	0	0.711255758395419	0.7703488	0.0006433728	17.68663	17.34579	-1.09153942475699
102	0	0.740514429076575	0.7994186	0.0005790664	17.79172	17.52425	-1.20592022462803
103	0	0.71167899700813	0.7063953	0.0005674004	17.67002	17.32811	-1.09857744690109
104	0	0.673102816846222	0.6569767	0.0008771475	17.56234	17.17742	-0.603745288333596
105	0	0.739028096105903	0.7383721	0.0007240869	17.74162	17.43044	-1.20179534298477
106	0	0.73685532475356	0.7325581	0.0005120325	17.77216	17.4402	-1.46567977296982
107	0	0.688263050629757	0.7267442	0.0007739448	17.6695	17.30742	-1.08651007019146
108	0	0.745247784070671	0.7848837	0.0004640348	17.76642	17.43561	-1.33900727197771
109	0	0.676135114976205	0.6744186	0.0008824227	17.44658	17.11682	-0.707356128464552
10	0	0.749974407395348	0.7122093	0.0005137447	17.76761	17.50561	-1.09068031194558
110	0	0.70351701208856	0.7005814	0.0008115878	17.68643	17.33168	-1.01864780231153
111	0	0.664783451426774	0.6976744	0.0004900723	17.44805	17.18188	-0.929601986878005
112	0	0.669817763287574	0.625	0.0008883464	17.50349	17.18235	-0.679679861113664
113	0	0.673915998847224	0.6744186	0.0007848322	17.58103	17.23829	-0.895510937168696
114	0	0.66448021682445	0.6482558	0.0005404254	17.56514	17.16442	-0.525089508597716
115	0	0.706111308909021	0.7034884	0.0007126014	17.60285	17.24761	-0.859777849156401
116	0	0.69972531881649	0.6831395	0.0006011515	17.65778	17.34668	-0.918979818198573
117	0	0.692346729710698	0.7005814	0.0006017989	17.69174	17.33171	-0.966057464037072
118	0	0.696421305276454	0.6860465	0.000758259	17.52651	17.1618	-0.783219905786486
119	0	0.690291455783881	0.7325581	0.0005943366	17.66427	17.25702	-0.883816039023165
11	0	0.697575167939067	0.744186	0.0005390331	17.60098	17.26147	-1.23093014897423
120	0	0.703528251615353	0.6831395	0.0007575812	17.69612	17.30749	-1.26401396490814
121	0	0.710103349504061	0.6976744	0.0008019493	17.64569	17.30359	-1.01764615015731
122	0	0.682477492163889	0.6918605	0.001061893	17.62628	17.28461	-0.785967763286469
123	0	0.708899130788632	0.6686047	0.0004212113	17.66398	17.31781	-1.10574430803457
124	0	0.695846484648064	0.7151163	0.0006490669	17.7708	17.43136	-1.25929717968636
125	0	0.723017498035915	0.7267442	0.0006559536	17.76265	17.43316	-1.01539952022112
126	0	0.66422885125503	0.6598837	0.0005525825	17.2837	17.02581	-0.684549989668537
127	0	0.714218352059834	0.7063953	0.0005245344	17.66436	17.31301	-1.0301694798056
128	0	0.749521758314222	0.7587209	0.0005843086	17.85004	17.45283	-1.11350389308065
129	0	0.741132545354776	0.7093023	0.0004949632	17.74798	17.47385	-1.15578761190472
12	0	0.654691541055217	0.6366279	0.0006906666	17.61128	17.21294	-0.941826794130861
130	0	0.651418219483458	0.630814	0.0005489151	17.53788	17.19093	-0.720210093316993
131	0	0.704994441941381	0.7267442	0.0007375153	17.75598	17.34093	-1.34152760633013
132	0	0.731560229696333	0.6598837	0.0008159414	17.77679	17.37089	-1.00929815776274
133	0	0.684324335679412	0.6424419	0.0009954687	17.3383	17.09552	-0.452896857898766
134	0	0.672092620423064	0.6744186	0.0007228044	17.52897	17.15856	-0.862491534071076
135	0	0.690868372865953	0.6715116	0.0007525654	17.63238	17.22738	-0.958927268972104
136	0	0.739717531856149	0.7296512	0.0006412185	17.77741	17.55396	-1.39714241475812
137	0	0.671393886092119	0.6744186	0.0006747985	17.573	17.16674	-0.949033433320369
138	0	0.740871791285463	0.7383721	0.0008297349	17.7975	17.5754	-1.51033246230546
139	0	0.651562351896428	0.6046512	0.0008002441	17.21294	17.03692	-0.514325494349682
13	0	0.721223804028705	0.6947674	0.0006907995	17.71212	17.33339	-1.24486277544177
140	0	0.652260630321689	0.6802326	0.0007991514	17.50844	17.11202	-0.892447120324745
141	0	0.712382261408493	0.7180233	0.0006234171	17.72224	17.31896	-1.07595695964801
142	0	0.705019796546549	0.6976744	0.0004154276	17.53636	17.23721	-0.91028071731375
143	0	0.749190521519631	0.7267442	0.0004867019	17.64577	17.30147	-0.919032732261309
144	0	0.710833065840416	0.6744186	0.0005860749	17.71785	17.39933	-0.911945369691647
145	0	0.724895503558219	0.6947674	0.0006162511	17.64161	17.34831	-0.892288143019802
146	0	0.741739409067668	0.747093	0.000640188	17.73419	17.37275	-1.02374342752008
147	0	0.662340639508329	0.6569767	0.0006009484	17.60058	17.20447	-0.867706940904946
148	0	0.714703794661909	0.7238372	0.0006365374	17.7643	17.43629	-0.991599568444712
149	0	0.741249304590747	0.7267442	0.0004409748	17.79226	17.54885	-1.23377529928184
14	0	0.712637531454675	0.7354651	0.0007759939	17.6386	17.26896	-1.09239359513975
150	0	0.714064857154153	0.747093	0.0009797508	17.72808	17.39194	-1.22547238536101
151	0	0.699878063006327	0.7034884	0.000801979	17.66173	17.28111	-0.93008099246295
152	0	0.664579150779173	0.6598837	0.0007766466	17.28892	17.08796	-0.824792429397647
153	0	0.65732679606881	0.6802326	0.001363291	17.45474	17.1169	-0.596439570555309
154	0	0.704584893444553	0.7587209	0.0007727224	17.76154	17.36027	-0.746928183349164
155	0	0.74159230273217	0.7645349	0.000777755	17.85796	17.51786	-1.37736520371221
156	0	0.697134752129205	0.7063953	0.0004368085	17.57659	17.30757	-0.913272880604505
157	0	0.712889310833998	0.7034884	0.0006335985	17.69089	17.34534	-0.969451782328007
158	0	0.674558576056734	0.7122093	0.000439109	17.4699	17.14143	-0.729298760063671
159	0	0.689567243913189	0.625	0.0008438796	17.53769	17.08866	-0.848513800797244
15	0	0.696353315468878	0.6831395	0.0006044508	17.71166	17.30224	-0.727781654287586
160	0	0.688334923214279	0.6744186	0.0006958111	17.61322	17.2042	-0.856782766116626
161	0	0.715501318941824	0.6686047	0.000758016	17.70916	17.38815	-0.982808394037733
162	0	0.740151659888215	0.7325581	0.0007126397	17.83889	17.6216	-1.43408922723811
163	0	0.723276383057237	0.7354651	0.0006358292	17.75516	17.39165	-1.02466816752402
164	0	0.653215014911257	0.6918605	0.0009428687	17.47727	17.13784	-0.720363415194417
165	0	0.695078676566482	0.6918605	0.0009797005	17.70371	17.33438	-0.908432995270515
166	0	0.730962584237568	0.6947674	0.0006998616	17.6318	17.33115	-1.24420624385571
167	0	0.746811851463281	0.7645349	0.0006691419	17.74683	17.45107	-1.11086391303034
168	0	0.666136073460803	0.6918605	0.0007413928	17.58817	17.143	-0.766801314426486
169	0	0.694640704942867	0.7616279	0.0007327862	17.72908	17.43648	-1.05137202765753
16	0	0.675916612171568	0.6686047	0.0005570014	17.58933	17.13927	-0.676211950963438
170	0	0.744995068991557	0.8081395	0.00066828	17.7926	17.57161	-1.2757973852232
171	0	0.653083022334613	0.6482558	0.0004925275	17.30649	17.11272	-0.565364632359069
172	0	0.720462647802196	0.7703488	0.000624641	17.69822	17.35109	-1.26572421328006
173	0	0.74797063334845	0.7267442	0.0008015344	17.7652	17.40346	-0.938385411304406
174	0	0.734924663114361	0.7209302	0.000567574	17.76756	17.37454	-1.22771856903279
175	0	0.696247572824359	0.7005814	0.000670725	17.68912	17.27846	-0.96633742828299
176	0	0.701395988999866	0.6947674	0.0008429889	17.70973	17.38244	-1.02914160700331
177	0	0.747979680774733	0.7732558	0.0006429657	17.82618	17.53702	-1.21354464979025
178	0	0.691495220246725	0.6889535	0.0008186055	17.70307	17.29082	-0.808008199773595
179	0	0.666543435887434	0.6889535	0.000526329	17.51123	17.1296	-0.966393831202019
17	0	0.728697123914026	0.7936047	0.0007397056	17.71831	17.47582	-1.11886338524565
180	0	0.706248452467844	0.7093023	0.0006127785	17.68904	17.26413	-0.872903327071063
181	0	0.687640115944669	0.6715116	0.0006142189	17.48225	17.21435	-0.951443298091584
182	0	0.749456136324443	0.7906977	0.0005286377	17.83475	17.55856	-1.38098496167831
183	0	0.652339053014293	0.6686047	0.0006197969	17.37896	17.03708	-0.55212178274754
184	0	0.691192416776903	0.6366279	0.0008175439	17.67495	17.24714	-0.989522619334876
185	0	0.698004806786776	0.6802326	0.0007080569	17.62718	17.23086	-0.656740153924922
186	0	0.742266422114335	0.7354651	0.0007455272	17.80597	17.51213	-1.30841862273231
187	0	0.665908282343298	0.6540698	0.0006595996	17.54432	17.17974	-0.622220964987007
188	0	0.745839116419665	0.7354651	0.0007013038	17.83288	17.51926	-1.05585738502738
189	0	0.729399910173379	0.752907	0.0006259058	17.66655	17.32947	-1.18181763486906
18	0	0.692094368045218	0.6773256	0.0007949085	17.58393	17.25886	-0.852420531108331
190	0	0.743512060679495	0.7616279	0.0006941403	17.76243	17.50162	-1.08204157272468
191	0	0.747709951177239	0.7616279	0.0005344628	17.81144	17.47757	-1.39635229046879
192	0	0.661947085382417	0.630814	0.0007793624	17.26805	17.02013	-0.603750966303937
193	0	0.675666191615164	0.6889535	0.0006011858	17.46867	17.16803	-0.978600683045248
194	0	0.710158275836147	0.6860465	0.0007016807	17.61016	17.29086	-0.985975024683034
195	0	0.734993389155716	0.6976744	0.0006667279	17.67529	17.3292	-0.965520075214786
196	0	0.716642956552096	0.6947674	0.0007039293	17.69205	17.29635	-0.979712768740698
197	0	0.735492420126684	0.7819767	0.0008842749	17.78649	17.51437	-1.15762962168083
198	0	0.653617066633888	0.6540698	0.0009218784	17.47229	17.12549	-0.778106984520734
199	0	0.749902831367217	0.7674419	0.0006743223	17.76441	17.43523	-1.24449986663669
19	0	0.670605947263539	0.6453488	0.0005749251	17.54113	17.16091	-0.804180525877875
1	0	0.697938261879608	0.7122093	0.0005609906	17.6581	17.34654	-1.01246682396548
200	0	0.711374267702922	0.6889535	0.001025056	17.69322	17.3345	-1.16362318305983
201	0	0.69637927650474	0.6540698	0.0006536221	17.72612	17.35417	-1.23605194659566
202	0	0.657429569354281	0.619186	0.000695142	17.66334	17.2565	-0.708095769570504
203	0	0.737425833335146	0.7151163	0.0006132058	17.80003	17.47773	-1.04645296215199
204	0	0.68027252885513	0.7005814	0.0006698672	17.68748	17.26692	-0.865505675842088
205	0	0.719685851410031	0.7267442	0.0007115908	17.71147	17.30609	-0.963585996658816
206	0	0.68998601147905	0.7005814	0.0009514148	17.72143	17.32002	-0.846099184502095
207	0	0.73649431692902	0.7209302	0.0003656444	17.76251	17.40341	-0.917175224482959
208	0	0.694996494636871	0.7093023	0.0006750382	17.50509	17.17157	-0.749230003099173
209	0	0.740983202797361	0.752907	0.0007178622	17.76866	17.51037	-1.34437744715317
20	0	0.653735759179108	0.630814	0.000544587	17.56696	17.16134	-0.792168160967882
210	0	0.737901921570301	0.6860465	0.0005458703	17.75133	17.32173	-1.01618535773452
211	0	0.659142813109793	0.630814	0.0007488763	17.51566	17.07512	-0.608648326305192
212	0	0.661614065454342	0.6686047	0.0006540152	17.67116	17.23185	-0.897492372106248
213	0	0.744955974817276	0.7034884	0.0004593742	17.76229	17.43636	-1.17422944344485
214	0	0.660281665367074	0.6482558	0.0006259376	17.39831	17.06467	-0.937481851036993
215	0	0.679673791769892	0.6860465	0.0009204452	17.42569	17.14218	-0.648969231636793
216	0	0.653768263990059	0.6947674	0.0006377033	17.55374	17.19297	-0.885843022357123
217	0	0.693598037515767	0.75	0.0006729864	17.73823	17.46775	-1.21549090700464
218	0	0.745808195043355	0.7616279	0.0008868653	17.74106	17.42208	-1.29567172972025
219	0	0.673377031297423	0.6511628	0.0007198254	17.37548	17.18071	-0.924347521180051
21	0	0.702722344081849	0.7151163	0.0005665576	17.69367	17.3532	-1.11732713552729
220	0	0.682491429010406	0.6860465	0.0009421525	17.43347	17.11673	-0.830658156210538
221	0	0.748642372572795	0.7325581	0.0005710105	17.80815	17.5582	-1.53061898306447
222	0	0.729962915577926	0.7296512	0.0006114586	17.73616	17.3904	-1.18633989952451
223	0	0.678090929891914	0.6860465	0.001119893	17.59275	17.12996	-0.869917652544691
224	0	0.687104600551538	0.7093023	0.000570896	17.53184	17.25009	-0.999259492766012
225	0	0.693764497898519	0.6540698	0.0008146433	17.68001	17.37859	-1.02214536437787
226	0	0.724011053610593	0.744186	0.0009198986	17.6781	17.27283	-0.996331400455742
227	0	0.743520801910199	0.7587209	0.0007085557	17.73181	17.40571	-0.981213625628006
228	0	0.657368961116299	0.6133721	0.001082788	17.26225	17.0638	-0.747445700265872
229	0	0.657088872790337	0.6017442	0.0006102979	17.36534	17.12182	-0.821189612737208
22	0	0.701224598335102	0.6947674	0.0006769459	17.64773	17.26615	-0.996972990581206
230	0	0.657010408211499	0.619186	0.0007674753	17.4191	17.12379	-0.582812393042109
231	0	0.747089215996675	0.7267442	0.0005786173	17.73252	17.42179	-1.07657958267104
232	0	0.747625582222827	0.7296512	0.0004577648	17.74869	17.45965	-1.37243027543937
233	0	0.675757972733118	0.7383721	0.0009111773	17.66093	17.2361	-1.04524875075583
234	0	0.748878049314953	0.7674419	0.0006575887	17.79985	17.49368	-1.11591168694938
235	0	0.727515997109003	0.6889535	0.0004943718	17.7791	17.42766	-1.17337401619664
236	0	0.701849386375397	0.6598837	0.001054053	17.72627	17.34722	-0.923727380859028
237	0	0.740573453833349	0.7238372	0.0005923501	17.69204	17.44067	-1.26439053586156
238	0	0.730941440351307	0.7383721	0.0008036002	17.77976	17.36811	-1.29601050437279
239	0	0.697636941145174	0.7703488	0.000733633	17.65523	17.29164	-1.09253745861383
23	0	0.680511580780149	0.6337209	0.00106133	17.63174	17.23177	-0.961202256139986
240	0	0.674394139205106	0.622093	0.0006647611	17.39399	17.06519	-0.760509562903965
241	0	0.721572120976634	0.7703488	0.001046992	17.74862	17.48449	-1.10421257082156
242	0	0.659915831405669	0.6831395	0.000728167	17.61086	17.17461	-0.592217174077121
243	0	0.699383573536761	0.6802326	0.0007325986	17.68076	17.33912	-1.00573632943107
244	0	0.736467079119757	0.7645349	0.0006430737	17.745	17.38252	-0.8549369898315
245	0	0.69322323880624	0.6889535	0.0005370368	17.75938	17.39835	-1.05041306179712
246	0	0.730354086030275	0.7412791	0.0006732372	17.75094	17.37919	-0.989266031754648
247	0	0.736785594769753	0.747093	0.0005860801	17.82458	17.44334	-1.1185835821242
248	0	0.674102020566352	0.6482558	0.0008799818	17.69596	17.21485	-0.780656291234932
249	0	0.710066278465092	0.6947674	0.0006711644	17.70538	17.34273	-1.18142592367604
24	0	0.685545388842002	0.7122093	0.0007842492	17.66514	17.2946	-1.00189117804929
250	0	0.727199734374881	0.6715116	0.0005389875	17.70777	17.38302	-1.04481875824365
251	0	0.707803529244848	0.6831395	0.0007041739	17.73391	17.39245	-1.04562312857362
252	0	0.745026881550439	0.752907	0.0007988656	17.77196	17.44348	-1.22268943139855
253	0	0.748873031162657	0.7645349	0.001031582	17.74037	17.39201	-0.98257286925587
254	0	0.712298145005479	0.7005814	0.0004770741	17.71935	17.32055	-1.10638148737824
255	0	0.710615812637843	0.7354651	0.0006767193	17.62459	17.26637	-1.01378531365511
256	0	0.742366557288915	0.755814	0.0006519867	17.84245	17.51877	-1.48138610182313
257	0	0.668955137068406	0.6482558	0.0007025037	17.65849	17.29925	-0.727269517767918
258	0	0.726385218347423	0.7238372	0.0006550866	17.74476	17.45075	-1.21793753973185
259	0	0.730396883119829	0.7383721	0.0004598857	17.75681	17.42796	-1.16365722090632
25	0	0.670807863562368	0.6424419	0.0009475227	17.63807	17.26474	-0.750267148639036
260	0	0.66517423610203	0.6918605	0.0005741162	17.59821	17.20614	-0.921460694585807
261	0	0.73187308977358	0.7296512	0.0005555702	17.66943	17.36594	-1.04046220740193
262	0	0.682907127402723	0.6947674	0.0007560108	17.69951	17.25548	-0.910987591962251
263	0	0.718814330897294	0.6976744	0.0009044292	17.66976	17.33409	-0.939846889274453
264	0	0.732139370217919	0.7267442	0.000691721	17.7901	17.42489	-1.07009871828932
265	0	0.673463827301748	0.6976744	0.0008366797	17.62904	17.1852	-0.879681058410881
266	0	0.680789488344453	0.6744186	0.0008575101	17.53958	17.17561	-0.961980252793431
267	0	0.694490866805427	0.6453488	0.000743286	17.45374	17.10972	-0.846382373463025
268	0	0.685632386314683	0.6482558	0.0005604149	17.39487	17.17666	-0.845497987884705
269	0	0.677378290006891	0.6366279	0.0007447287	17.50669	17.2134	-0.942416151642801
26	0	0.73273539217189	0.6569767	0.000930732	17.68735	17.36418	-1.04355864180288
270	0	0.680924860271625	0.6453488	0.0008732041	17.68788	17.33657	-0.909879112036635
271	0	0.713666061777621	0.7151163	0.0009325425	17.66093	17.39099	-1.04002969410404
272	0	0.729947881912813	0.7267442	0.0009130247	17.70926	17.37962	-1.17310256975987
273	0	0.744065209967084	0.7354651	0.0007239088	17.86951	17.50452	-1.66925814981806
274	0	0.667894249944948	0.6337209	0.0005612569	17.59552	17.14679	-0.624655003488731
275	0	0.713123449590057	0.6918605	0.00048904	17.68598	17.32788	-1.37137220047445
276	0	0.715058424556628	0.6947674	0.0007123739	17.72468	17.3755	-1.17681151711508
277	0	0.721475027990527	0.7093023	0.0005495961	17.70263	17.33077	-0.963429516535863
278	0	0.695148462522775	0.6947674	0.0008077134	17.70316	17.375	-1.21525549165909
279	0	0.73604157473892	0.7587209	0.000598955	17.80053	17.53046	-1.46116446118338
27	0	0.700355839729309	0.6656977	0.0005959989	17.69506	17.35714	-1.03547160462024
280	0	0.722323129349388	0.744186	0.0006216231	17.77768	17.44814	-1.13326376750834
281	0	0.74759804524947	0.7674419	0.000309461	17.77077	17.37462	-1.30452746805231
282	0	0.672358093108051	0.7093023	0.0007637653	17.64922	17.22346	-0.808391472676897
283	0	0.68800844673533	0.622093	0.0006090392	17.76604	17.37589	-1.13844247409369
284	0	0.719682727660984	0.755814	0.0005866012	17.77796	17.50421	-1.17037491237773
285	0	0.734992457157932	0.752907	0.0007824293	17.79321	17.51621	-1.3064862587931
286	0	0.73759560524486	0.7296512	0.0007334252	17.67664	17.39244	-1.28634160056243
287	0	0.677991270297207	0.6860465	0.0005002507	17.58488	17.19568	-1.02471709108894
288	0	0.691936314268969	0.6540698	0.0006114547	17.60791	17.20086	-0.858360843795914
289	0	0.650970777636394	0.6104651	0.0005917839	17.34993	17.06652	-0.467482260191407
28	0	0.663574939151295	0.6656977	0.0005493126	17.06815	17.02535	-0.777664893406601
290	0	0.709299802663736	0.6569767	0.0005199851	17.79053	17.52435	-1.25416394244382
291	0	0.65031995435711	0.6773256	0.0009165464	17.42058	17.0899	-0.668813872213314
292	0	0.748053936217911	0.7877907	0.0004362666	17.84752	17.58179	-1.33979434622603
293	0	0.730812231777236	0.747093	0.0006266799	17.70707	17.41184	-1.22073731898136
294	0	0.74683559120167	0.7674419	0.0007025208	17.78164	17.50616	-1.3262704844386
295	0	0.70335396786686	0.7005814	0.0006999753	17.63863	17.21087	-1.07455702538082
296	0	0.678897772892378	0.6511628	0.0006541422	17.25897	17.05882	-0.728838751989352
297	0	0.734492486156523	0.7180233	0.0005739084	17.7633	17.38498	-1.10356808426783
298	0	0.673350046947598	0.6976744	0.0007679131	17.67857	17.32295	-1.25259240116512
299	0	0.66971898318734	0.6686047	0.0006891625	17.48399	17.17853	-0.836902378574331
29	0	0.705105247627944	0.7180233	0.0007580337	17.67489	17.27723	-1.04016388182836
2	0	0.707960969069973	0.6773256	0.0005753652	17.5737	17.21278	-0.779334121342622
300	0	0.731076794746332	0.7267442	0.0006498856	17.72675	17.48507	-1.31391382693676
301	0	0.722090837918222	0.7819767	0.0009609017	17.72684	17.32096	-1.14167403059258
302	0	0.715173606434837	0.6627907	0.0007966336	17.73223	17.40548	-1.14820367849972
303	0	0.74104386982508	0.7151163	0.000980477	17.74331	17.41903	-1.16996758294343
304	0	0.655723141063936	0.6715116	0.0007917607	17.44094	17.0544	-0.655237755965863
305	0	0.691595250088721	0.7354651	0.0006869671	17.61027	17.25141	-0.842131890263528
306	0	0.715528904856183	0.6627907	0.0007282746	17.73289	17.37617	-1.39220558681973
307	0	0.669278478925116	0.6540698	0.0005566797	17.59935	17.24652	-0.840030284618205
308	0	0.657744838041253	0.6686047	0.000679479	17.58035	17.13297	-0.505777056341486
309	0	0.692048014327884	0.6889535	0.0006720891	17.63246	17.27066	-1.05633847687476
30	0	0.711568788811564	0.7209302	0.0007840014	17.6615	17.28262	-0.868050039938486
310	0	0.707343320804648	0.75	0.0005503063	17.66414	17.32248	-1.11043104277316
311	0	0.726765606040135	0.7965116	0.0008271362	17.7815	17.50636	-1.41293343984307
312	0	0.698368973471224	0.7151163	0.0004704383	17.45467	17.11339	-0.803150589909949
313	0	0.725315721821971	0.6947674	0.0005588979	17.73014	17.36057	-0.917046940192039
314	0	0.669903323613107	0.7151163	0.0008464159	17.30115	17.03771	-0.625663598561654
315	0	0.684359559579752	0.6744186	0.0006524829	17.59493	17.21718	-0.853077211771069
316	0	0.72746928029228	0.7122093	0.00078695	17.76488	17.42462	-1.36230760642556
317	0	0.688029172201641	0.6656977	0.0006464092	17.66064	17.27249	-0.924091686029049
318	0	0.713296117330901	0.6947674	0.0006262101	17.68718	17.29617	-0.984323326617584
319	0	0.700525425351225	0.7005814	0.000524389	17.72993	17.29527	-1.01735975518318
31	0	0.715594619349577	0.7238372	0.0007462501	17.69568	17.29092	-1.11918739053855
320	0	0.664840468554758	0.6656977	0.0006672492	17.59893	17.18273	-0.726198231195579
321	0	0.706952458806336	0.747093	0.0006927481	17.64308	17.27946	-1.01323229945276
322	0	0.747686700709164	0.7674419	0.0008062064	17.73941	17.51553	-1.08526987291242
323	0	0.729541744990274	0.7034884	0.0008190727	17.70599	17.41137	-1.0409013212718
324	0	0.652493484597653	0.6453488	0.0008466729	17.19528	17.10158	-0.589232523557904
325	0	0.719274303293787	0.6627907	0.0005137805	17.74742	17.36211	-1.04923742363118
326	0	0.709653281886131	0.7151163	0.0009360404	17.69627	17.35225	-1.17316866224309
327	0	0.693048766767606	0.744186	0.000710442	17.66943	17.27081	-1.20817246379264
328	0	0.669868482416496	0.6656977	0.0006108768	17.60122	17.28194	-0.939731875754949
329	0	0.65779173609335	0.6831395	0.0006912009	17.7169	17.3098	-1.00958090664471
32	0	0.727523965551518	0.747093	0.0005630743	17.75846	17.35765	-0.997904714983824
330	0	0.689159716456197	0.7093023	0.0007869931	17.51095	17.20153	-0.880012181558309
331	0	0.688940589292906	0.6133721	0.0006751153	17.69739	17.27787	-1.0110713786887
332	0	0.698245941009372	0.6773256	0.0005614333	17.54431	17.22632	-0.99552262655667
333	0	0.749062475562096	0.7645349	0.000848358	17.80832	17.54754	-1.45702173319597
334	0	0.706877885805443	0.7354651	0.0008481047	17.63574	17.27878	-1.05681614568283
335	0	0.673446434619837	0.7005814	0.0007377475	17.4225	17.0621	-0.843224018159249
336	0	0.650660723564215	0.6831395	0.0007670777	17.29743	17.12033	-0.693498982295523
337	0	0.707107180519961	0.7005814	0.0005062175	17.6383	17.2848	-0.942999778794287
338	0	0.731503632478416	0.7209302	0.0007945495	17.67211	17.36537	-1.05205409378485
339	0	0.718521229620092	0.6889535	0.0008456715	17.73738	17.34537	-1.13229554499474
33	0	0.650796172884293	0.6598837	0.0005624577	17.07095	16.99043	-0.560052661001832
340	0	0.683825970767066	0.622093	0.0006092051	17.57572	17.19955	-0.797261353432345
341	0	0.727280270634219	0.6686047	0.0005982384	17.74338	17.41319	-1.15611370451238
342	0	0.714887378620915	0.7034884	0.000613286	17.80035	17.46064	-1.14437266039394
343	0	0.741222341149114	0.7005814	0.0005525091	17.69953	17.35859	-0.802074797697716
344	0	0.674303057626821	0.7034884	0.0004989547	17.6352	17.24434	-0.942424576055456
345	0	0.671669425535947	0.6976744	0.001231482	17.61391	17.14747	-0.803895182128154
346	0	0.652295497083105	0.6366279	0.0005300227	17.58489	17.24787	-0.803192256706732
347	0	0.715591101371683	0.7093023	0.00056203	17.78182	17.46998	-1.21264331142706
348	0	0.65443872041069	0.6540698	0.001317355	17.63486	17.21578	-0.658427770747855
349	0	0.651970043662004	0.6337209	0.0005885781	17.58409	17.20713	-0.779209351869936
34	0	0.71981498922687	0.7325581	0.0007003737	17.73838	17.43196	-0.925987649057527
350	0	0.705959823913872	0.6947674	0.0008061497	17.78094	17.4492	-1.30112786835735
351	0	0.712164463149384	0.7005814	0.0008174059	17.6194	17.31675	-0.878908086202322
352	0	0.710146063612774	0.6860465	0.0004608377	17.68032	17.3282	-1.11824240216662
353	0	0.696365567529574	0.619186	0.0006891819	17.68283	17.24799	-0.84160098305127
354	0	0.683742574509233	0.6453488	0.0006869302	17.68481	17.29571	-0.954205296340506
355	0	0.655101208970882	0.6802326	0.0008248329	17.40384	17.12124	-0.762473153115354
356	0	0.748525764211081	0.7790698	0.0008945197	17.85255	17.65	-1.66905153473439
357	0	0.681252234685235	0.6395349	0.0005356096	17.68454	17.28024	-0.925414126174869
358	0	0.724182582157664	0.747093	0.0007630529	17.79528	17.49347	-1.41424237517305
359	0	0.687726953160018	0.7093023	0.0005980073	17.58405	17.14505	-0.781621344557788
35	0	0.722831390285865	0.7703488	0.0006747319	17.64308	17.30583	-0.85457888532349
360	0	0.702337474143133	0.6656977	0.000798448	17.62457	17.32394	-1.03475025245981
361	0	0.664490621094592	0.6976744	0.0008032273	17.56453	17.15896	-0.837634866147745
362	0	0.739245595806278	0.7383721	0.0005635683	17.76569	17.40812	-1.4490237876696
363	0	0.664783273264766	0.6482558	0.0006413763	17.29508	17.05297	-0.811687941032038
364	0	0.718437366373837	0.6656977	0.0006595326	17.6578	17.21574	-0.837319773988594
365	0	0.675009450945072	0.6598837	0.0005735532	17.53192	17.12043	-0.768813948190168
366	0	0.720881271827966	0.7383721	0.0007120108	17.73765	17.43303	-0.966567921085738
367	0	0.708857281506062	0.7354651	0.0006694217	17.64296	17.29661	-1.14952714213381
368	0	0.700663430173881	0.7383721	0.000988036	17.64848	17.30109	-1.16339627092666
369	0	0.681292166165076	0.6656977	0.0006346659	17.74743	17.36781	-1.00480260076578
36	0	0.719525075913407	0.7354651	0.0007582737	17.68259	17.27593	-1.0934403812905
370	0	0.733488613506779	0.6947674	0.0005832132	17.72811	17.35539	-1.00125354869516
371	0	0.726033214526251	0.7732558	0.0007109468	17.75455	17.45913	-1.07322485589135
372	0	0.705962062906474	0.7093023	0.0007626723	17.65419	17.2543	-0.971808182637051
373	0	0.656883258395828	0.630814	0.0006610824	17.42895	17.14704	-1.07410586334647
374	0	0.680307369702496	0.6976744	0.0006618053	17.64795	17.25521	-0.882951185462498
375	0	0.74096250042785	0.7209302	0.0004851341	17.70139	17.35653	-1.08776411006691
376	0	0.722422692552209	0.7093023	0.0009245038	17.67447	17.37415	-1.11601309604009
377	0	0.653996711340733	0.6453488	0.0007254612	17.33008	17.1268	-0.66133874984074
378	0	0.693095209565945	0.6395349	0.0009200132	17.58994	17.11325	-0.785599213702543
379	0	0.717614177148789	0.7180233	0.0008138756	17.6675	17.21546	-0.928979966936681
37	0	0.744029946788214	0.6947674	0.0009130221	17.77766	17.53084	-1.51962261083129
380	0	0.745223838672973	0.7412791	0.0006399154	17.72632	17.4006	-1.47632841772208
381	0	0.666686245542951	0.6889535	0.0008187771	17.62868	17.23348	-0.914068636639917
382	0	0.654633252322674	0.6686047	0.0005478393	17.61796	17.15485	-1.04311897207185
383	0	0.668810864072293	0.6540698	0.0008238235	17.50598	17.22508	-0.953439190838447
384	0	0.707027413649485	0.6889535	0.0004760132	17.69288	17.37785	-1.11050540195171
385	0	0.658877897053026	0.6540698	0.0006595389	17.40494	17.0279	-0.578856916577991
386	0	0.70836268349085	0.7005814	0.0006541336	17.49202	17.20273	-0.898040584592898
387	0	0.723157378099859	0.6918605	0.0006650856	17.74211	17.39569	-1.40745705830147
388	0	0.745628107851371	0.7616279	0.0006037098	17.86005	17.5083	-1.15626611030568
389	0	0.658899109368212	0.6656977	0.001035136	17.44328	17.14362	-0.515713036028445
38	0	0.683357798401266	0.6627907	0.0008940296	17.64327	17.31898	-0.969691898557142
390	0	0.734793711942621	0.7325581	0.0006007626	17.6949	17.33818	-0.876748915669344
391	0	0.73853076659143	0.7965116	0.0006362419	17.70311	17.35604	-1.09352564262019
392	0	0.725764899188653	0.75	0.0004291848	17.81947	17.49313	-1.25817898923699
393	0	0.744528500596061	0.747093	0.0006258163	17.78174	17.40429	-1.25310749931877
394	0	0.733630926324986	0.744186	0.0005739413	17.82511	17.55302	-1.76868765072532
395	0	0.721988855558447	0.6918605	0.0007394736	17.65699	17.32644	-1.10964251155344
396	0	0.747161463205703	0.6918605	0.000748243	17.66921	17.37592	-0.937339860400322
397	0	0.749208554346114	0.7383721	0.0007928256	17.79562	17.5349	-1.14687345041483
398	0	0.698838071618229	0.6831395	0.0008411931	17.64895	17.19539	-0.971398981858448
399	0	0.717921146913432	0.7209302	0.0006214968	17.7441	17.44792	-1.43582900147812
39	0	0.672723863716237	0.6598837	0.0006833978	17.47291	17.15849	-1.2424876769685
3	0	0.745839123264886	0.752907	0.0006783664	17.79188	17.49773	-1.72061119561849
400	0	0.675123684969731	0.6598837	0.0005852532	17.64107	17.2574	-0.940714171974409
401	0	0.710793285444379	0.744186	0.001024056	17.67656	17.34225	-1.08197028020824
402	0	0.688620851188898	0.7238372	0.0007607293	17.67366	17.32901	-1.04342627067648
403	0	0.747641940973699	0.7819767	0.0004580893	17.83794	17.58895	-1.44629580672888
404	0	0.668935846514069	0.6046512	0.0009352401	17.63666	17.2247	-1.07786849901389
405	0	0.740942424838431	0.7209302	0.0006189102	17.81037	17.49217	-1.07973169409191
406	0	0.739126712293364	0.7761628	0.000788084	17.71127	17.32978	-0.984650766188889
407	0	0.673160524480045	0.6395349	0.0006605305	17.66465	17.27187	-0.971330453246906
408	0	0.668742582830601	0.7093023	0.0007439034	17.3102	17.08617	-0.694126987535471
409	0	0.694198237871751	0.6744186	0.0006236742	17.77363	17.42058	-0.853804615949635
40	0	0.67229573733639	0.6918605	0.0006505607	17.50366	17.14978	-0.7776672643025
410	0	0.728853278746828	0.747093	0.0005127341	17.7741	17.40125	-1.07525954482479
411	0	0.738330145925283	0.7732558	0.0008144976	17.78198	17.49379	-1.27009943244989
412	0	0.727013463107869	0.7267442	0.0007297091	17.76815	17.4335	-0.86975372193909
413	0	0.656423429609276	0.7063953	0.0008690113	17.18171	17.07046	-0.786371152500135
414	0	0.720784738566726	0.747093	0.000533055	17.73747	17.39948	-0.988680884116237
415	0	0.739579130639322	0.75	0.0005615645	17.84689	17.49196	-1.09846709403534
416	0	0.713719021994621	0.7209302	0.0007576125	17.62159	17.25555	-1.12286156513187
417	0	0.71838635574095	0.7994186	0.0006417407	17.76924	17.50201	-0.977440527797356
418	0	0.730629443726502	0.7238372	0.0009471073	17.71591	17.39769	-1.01009260601914
419	0	0.696235723607242	0.7005814	0.0005965452	17.68195	17.28904	-0.921543280820297
41	0	0.74424528114032	0.7383721	0.0006289604	17.72812	17.47136	-1.33179485438907
420	0	0.720327925006859	0.744186	0.0006687338	17.71142	17.38173	-0.88332579996886
421	0	0.656587144336663	0.6133721	0.0007520049	17.58756	17.21561	-0.791138999193792
422	0	0.74524136937689	0.7209302	0.0006130102	17.72938	17.43317	-1.36830631658434
423	0	0.705065035633743	0.6773256	0.0004819366	17.74652	17.35103	-0.858083430686576
424	0	0.703028245666064	0.75	0.0006697039	17.68858	17.34401	-1.14723276597266
425	0	0.727278427314013	0.7819767	0.0005672093	17.79346	17.5079	-1.5554193668541
426	0	0.738296581082977	0.7296512	0.0009020438	17.76338	17.38843	-1.06061817373849
427	0	0.676950628799386	0.6947674	0.0007283558	17.38561	17.07441	-0.878383983235593
428	0	0.723564520874061	0.6860465	0.000684218	17.72705	17.39577	-0.975036182001136
429	0	0.707968818536028	0.6918605	0.0006190611	17.58252	17.30543	-0.966153902539698
42	0	0.70604286538437	0.6976744	0.0007663591	17.68446	17.29452	-1.03745349387307
430	0	0.695745335309766	0.6889535	0.0009072715	17.62216	17.28141	-0.978310511647005
431	0	0.677284534228966	0.6656977	0.0007857209	17.50887	17.12662	-0.65885793316873
432	0	0.658282494032756	0.7267442	0.0007204543	17.46265	17.19753	-0.900222327522955
433	0	0.710650052246638	0.7151163	0.0003910995	17.66493	17.26097	-0.891605723413826
434	0	0.708373815054074	0.6918605	0.0004637822	17.68941	17.32933	-1.00210263197624
435	0	0.731565415719524	0.7238372	0.0007824593	17.81384	17.57113	-1.21115540528477
436	0	0.728608905430883	0.7122093	0.0004583927	17.83558	17.45979	-1.08716633446476
437	0	0.696683814236894	0.6918605	0.0007699895	17.67562	17.33656	-0.79870945157513
438	0	0.68342753762845	0.6860465	0.0005889063	17.57094	17.19158	-1.16602217309665
439	0	0.691936165676452	0.6569767	0.0006219525	17.65225	17.26493	-1.08354070684208
43	0	0.742658967385069	0.7093023	0.001198756	17.70433	17.37231	-1.27577110853448
440	0	0.724310928909108	0.7412791	0.0007408593	17.73946	17.42885	-1.45458198103672
441	0	0.663330103526823	0.7180233	0.0006335387	17.12041	17.03945	-0.683719030648755
442	0	0.730160233029164	0.7325581	0.0006679753	17.75184	17.33939	-1.00057756185026
443	0	0.745451873913407	0.7645349	0.0004957381	17.74645	17.48314	-1.46071392305345
444	0	0.695430018543266	0.6686047	0.000513422	17.70082	17.37046	-1.03860009095675
445	0	0.748322789161466	0.7819767	0.0005950041	17.74384	17.49698	-1.48318986699282
446	0	0.741400572424755	0.6889535	0.0006170116	17.76347	17.55146	-1.73989772032449
447	0	0.659710163553245	0.6744186	0.0006479273	17.62175	17.18664	-0.820672302813492
448	0	0.650913087371737	0.5755814	0.0008844283	17.51537	17.15695	-0.665617344522913
449	0	0.663529203110375	0.6686047	0.0008148111	17.51777	17.08584	-0.61883508061409
44	0	0.699305448564701	0.744186	0.0007319732	17.74117	17.37915	-1.23860334064594
450	0	0.654046641266905	0.6453488	0.0005817513	17.35139	17.09249	-0.683242082103349
451	0	0.666672906349413	0.6656977	0.000750253	17.49117	17.10018	-0.687079213694103
452	0	0.673996921535581	0.6831395	0.0006600776	17.60446	17.27267	-1.02359490983751
453	0	0.713388838712126	0.744186	0.0005637338	17.69041	17.37466	-1.29243647101992
454	0	0.746622461988591	0.7005814	0.0005905327	17.6659	17.32424	-1.0648691320907
455	0	0.705319704441354	0.6715116	0.0004820049	17.65724	17.30685	-0.818440458955786
456	0	0.681436273013242	0.6889535	0.0008146586	17.30566	17.01524	-0.444581600203878
457	0	0.687868950655684	0.622093	0.0007217949	17.29301	17.0519	-0.843778951177113
458	0	0.665853324905038	0.6976744	0.001178849	17.45789	17.01005	-0.529669045152101
459	0	0.722453085728921	0.7267442	0.00074219	17.6709	17.38762	-1.29800044840661
45	0	0.731145098991692	0.7122093	0.000757666	17.73636	17.37892	-1.19727494358472
460	0	0.681976797198877	0.6598837	0.0009525431	17.56411	17.236	-0.815174716895227
461	0	0.658020655275322	0.6656977	0.0009162522	17.57893	17.16063	-0.724589947434382
462	0	0.702028144523501	0.6773256	0.0007005147	17.73257	17.39476	-1.05530462826688
463	0	0.692776701739058	0.630814	0.000873918	17.63157	17.31764	-0.947055930366165
464	0	0.672570261103101	0.6686047	0.0009267882	17.62827	17.15913	-0.63414401410146
465	0	0.677057628589682	0.7122093	0.0008879045	17.69349	17.32001	-1.0549048679869
466	0	0.655984369595535	0.6715116	0.0006270089	17.64622	17.23876	-0.768444668453697
467	0	0.675020723976195	0.6686047	0.0005199863	17.61174	17.19064	-0.829231036329388
468	0	0.73216534787789	0.7238372	0.0004359777	17.78222	17.43819	-1.07482436062598
469	0	0.677538560843095	0.6569767	0.0006423979	17.55001	17.13242	-0.569954525820426
46	0	0.745961123262532	0.7936047	0.0004309466	17.80644	17.57204	-1.39900389177412
470	0	0.655425089970231	0.7093023	0.0009942441	17.09273	17.04689	-0.795534902893477
471	0	0.692386907152832	0.7267442	0.0008206871	17.56278	17.27585	-0.970848068219844
472	0	0.745676499884576	0.7122093	0.0008406652	17.77133	17.49101	-1.10435761945699
473	0	0.743385437154211	0.7761628	0.0005829211	17.7771	17.50103	-1.29522914764688
474	0	0.720222024992108	0.7587209	0.0005093117	17.7239	17.32786	-1.14652191445892
475	0	0.670525357010774	0.6860465	0.0008956115	17.61343	17.21397	-0.86712207420102
476	0	0.698147457535379	0.6947674	0.0007211798	17.67542	17.28194	-1.27883276066519
477	0	0.676726654544473	0.6802326	0.0005862159	17.51194	17.18759	-0.67480442726536
478	0	0.654670202545822	0.6046512	0.0007736903	17.35837	17.07805	-0.507592526638726
479	0	0.734725077589974	0.6947674	0.0005825778	17.77238	17.40623	-1.0546282332417
47	0	0.663252438628115	0.6773256	0.0006394527	17.6632	17.2272	-0.880024156707194
480	0	0.741479712654836	0.6889535	0.0006451784	17.78314	17.47201	-1.12909301297959
481	0	0.7491469736211	0.744186	0.0008175108	17.82327	17.52666	-1.24166475799604
482	0	0.657879504491575	0.6744186	0.00112504	17.59788	17.15187	-0.676377853684376
483	0	0.681339976447634	0.6366279	0.0007279819	17.55845	17.13085	-0.769251413734097
484	0	0.672255384153686	0.7034884	0.000727824	17.5835	17.24249	-0.795952074424061
485	0	0.680851651146077	0.7122093	0.0005539088	17.15295	17.03	-0.908820748393443
486	0	0.671306093060412	0.6162791	0.0007944922	17.59963	17.21575	-0.837900160331508
487	0	0.736113279080018	0.7790698	0.0008901204	17.80056	17.4599	-1.23235549097211
488	0	0.729068585461937	0.744186	0.0006650844	17.73563	17.40079	-1.29995990837309
489	0	0.673893207055517	0.6337209	0.0005882578	17.54814	17.19285	-0.692900149448555
48	0	0.666516548371874	0.6598837	0.0009926009	17.657	17.22974	-0.773660517974733
490	0	0.73489749962464	0.7674419	0.0006034581	17.79409	17.48653	-1.09669754401771
491	0	0.718532494246028	0.7296512	0.0008126188	17.80806	17.49859	-1.02538244984318
492	0	0.669125214242376	0.6802326	0.000718327	17.57113	17.15373	-0.710057218446125
493	0	0.740947620244697	0.755814	0.0006589177	17.77021	17.45327	-1.08036084861689
494	0	0.715186956431717	0.7267442	0.0007295801	17.61232	17.25738	-0.9971101324423
495	0	0.692292897659354	0.6947674	0.0005566564	17.52446	17.17008	-0.76383373302393
496	0	0.684821318089962	0.6162791	0.0007895232	17.77012	17.38512	-0.782145581564744
497	0	0.68666752493009	0.630814	0.0006104948	17.62024	17.24847	-0.629711370413645
498	0	0.66242786210496	0.7587209	0.0006746769	17.39114	17.10754	-0.616042431595816
499	0	0.679666045051999	0.7063953	0.0007405015	17.6799	17.30561	-0.94549855908644
49	0	0.662168317311443	0.6656977	0.0006821264	17.57708	17.23442	-0.99854965844474
4	0	0.671090709557757	0.6744186	0.0006479719	17.60527	17.31165	-1.01558469157081
500	0	0.69681559423916	0.7122093	0.0007421891	17.67271	17.35218	-0.911525398399492
501	0	0.715587815688923	0.7267442	0.0006291529	17.70173	17.31786	-1.13009718259345
502	0	0.694490594905801	0.7383721	0.0009071969	17.75427	17.423	-1.12621589518973
503	0	0.663920148415491	0.6773256	0.0007063056	17.31966	17.07577	-0.82931782044516
504	0	0.653854952077381	0.6860465	0.0009438834	17.17886	17.07388	-0.758261471972446
505	0	0.715406501060352	0.7063953	0.0006881465	17.62994	17.31532	-1.22948144494402
506	0	0.654756711842492	0.6482558	0.0006649793	17.60887	17.22509	-0.867357046301644
507	0	0.728558244486339	0.7122093	0.0008612932	17.73293	17.34295	-0.986904605238646
508	0	0.709300782950595	0.7412791	0.001089204	17.65135	17.35218	-1.03512753201117
509	0	0.70004642973654	0.7005814	0.0008399116	17.67979	17.32974	-0.886065447010638
50	0	0.731453954940662	0.7325581	0.0008392245	17.70931	17.34458	-0.823116778579187
510	0	0.668184874090366	0.6598837	0.0006338953	17.49861	17.15063	-0.494236028080182
511	0	0.658856249600649	0.6976744	0.0008600495	17.63586	17.2675	-0.979372434768992
512	0	0.696218257583678	0.6569767	0.0008906075	17.66505	17.32165	-1.07974363071431
513	0	0.686779363802634	0.6395349	0.0005555498	17.49142	17.14312	-0.649550857961007
514	0	0.749994772556238	0.755814	0.0005542692	17.77272	17.4884	-1.14356632984925
515	0	0.726054210728034	0.7209302	0.0007978743	17.75319	17.40439	-1.07901192492922
516	0	0.722524983505718	0.7238372	0.0007576702	17.67449	17.24812	-0.94303551056868
517	0	0.676072706375271	0.6075581	0.0009533228	17.26084	17.07228	-0.920561726685783
518	0	0.745026490837336	0.7238372	0.0009590902	17.82361	17.52486	-1.688582560392
519	0	0.71096603453625	0.6715116	0.0008553033	17.54303	17.20695	-0.635223594438086
51	0	0.681954603292979	0.6540698	0.0008860603	17.70198	17.39506	-0.801484061369711
520	0	0.728691674489528	0.6976744	0.0008341691	17.7434	17.39776	-1.33560988886151
521	0	0.748474031640217	0.7209302	0.000561466	17.78567	17.52221	-1.12425544907122
522	0	0.652018299838528	0.619186	0.000650814	17.50748	17.05634	-0.524577417401786
523	0	0.729581879638135	0.7383721	0.0007862382	17.72656	17.37342	-0.915495938602733
524	0	0.729479655832984	0.7151163	0.0004766641	17.72164	17.37211	-1.021690426957
525	0	0.728097983100451	0.7412791	0.0008725412	17.70795	17.39199	-0.844891619715275
526	0	0.685765682021156	0.6773256	0.0006607109	17.61205	17.22365	-0.799102161986384
527	0	0.68105296054855	0.6773256	0.001041248	17.59552	17.13713	-0.600414808303915
528	0	0.654107371740975	0.6104651	0.0009122115	17.65467	17.17292	-0.751798658095751
529	0	0.741157354740426	0.755814	0.0004907952	17.84835	17.44892	-1.0364391536229
52	0	0.749378246068954	0.7122093	0.0007433023	17.76468	17.40275	-1.1324047232843
530	0	0.672220167517662	0.7034884	0.0007895513	17.56415	17.20049	-0.942372821384702
531	0	0.695358853694051	0.6627907	0.0009092177	17.70727	17.28526	-1.00356046842774
532	0	0.736676267278381	0.7994186	0.0008379335	17.86859	17.53728	-1.25444299240361
533	0	0.708529298822395	0.7383721	0.0005535299	17.5571	17.19951	-0.799200645615489
534	0	0.653990207449533	0.6627907	0.0006754651	17.69348	17.16453	-0.749445024913332
535	0	0.684257150581107	0.6395349	0.001011645	17.7176	17.30113	-0.950647873520505
536	0	0.706181870703585	0.7034884	0.0004160594	17.703	17.30535	-1.34029912376849
537	0	0.655559420329519	0.6453488	0.0007225317	17.35434	17.12729	-0.996053166935562
538	0	0.69818727648817	0.75	0.0005509894	17.6798	17.38561	-1.0884486346304
539	0	0.70852125317324	0.6686047	0.0005096852	17.57075	17.22778	-0.954512058741337
53	0	0.690898218262009	0.7034884	0.0008181163	17.68317	17.27366	-1.02890008224706
540	0	0.650900644320063	0.6482558	0.000550906	17.06954	17.00825	-0.475955800781162
541	0	0.725632635410875	0.7412791	0.0006915708	17.76285	17.45342	-1.10563876725871
542	0	0.658000074746087	0.6337209	0.0007325795	17.5626	17.19991	-0.74410147214819
543	0	0.673969563120045	0.6773256	0.001172847	17.67366	17.32706	-0.981133366563659
544	0	0.693546208972111	0.6773256	0.0007155573	17.74008	17.37478	-0.972810951009444
545	0	0.694910377729684	0.6133721	0.0004946007	17.75901	17.37261	-1.02810980490133
546	0	0.735675290506333	0.7848837	0.0007485315	17.69909	17.31082	-0.95944552158985
547	0	0.702883501420729	0.6773256	0.0005375704	17.58305	17.29871	-0.954106325841431
548	0	0.67368249988649	0.7063953	0.0006320108	17.59009	17.2597	-0.919181315890283
549	0	0.690195874124765	0.6627907	0.001203876	17.46357	17.12009	-0.715398018759411
54	0	0.665650837146677	0.6133721	0.0008425025	17.6218	17.15314	-0.644227579130889
550	0	0.696124513377436	0.7267442	0.0008213128	17.64305	17.20424	-0.638507084014933
551	0	0.718536725779995	0.7761628	0.000755272	17.77314	17.47523	-1.22271389135827
552	0	0.723413005238399	0.7209302	0.0008223194	17.76061	17.42546	-1.03144644838816
553	0	0.658207847131416	0.6482558	0.00116643	17.21306	17.07059	-0.558966743648987
554	0	0.737183924089186	0.7412791	0.0007273027	17.8214	17.49731	-1.22685947215174
555	0	0.685217378870584	0.6511628	0.0005610335	17.66126	17.21536	-0.683749552905564
556	0	0.682843736116774	0.6947674	0.0006187604	17.62376	17.19347	-0.88435713655172
557	0	0.66139097341802	0.6715116	0.0005941247	17.58966	17.13721	-0.775427913752266
558	0	0.724370245775208	0.6889535	0.0008817623	17.69473	17.34647	-1.04079005957605
559	0	0.728016563178971	0.6918605	0.0003863611	17.74129	17.45873	-1.1825024335165
55	0	0.708228967012838	0.7645349	0.0006176624	17.75976	17.4196	-1.53137282431704
560	0	0.718882593442686	0.6976744	0.0007116895	17.67735	17.36233	-1.22313786169366
561	0	0.676588126621209	0.6598837	0.0007434512	17.56614	17.18177	-0.864374280937868
562	0	0.680550319328904	0.6831395	0.0007650625	17.5258	17.14267	-0.769999462691726
563	0	0.666984037682414	0.6918605	0.0008070626	17.27975	17.12755	-0.837282112676845
564	0	0.661626450321637	0.6104651	0.001072962	17.37245	17.11946	-0.75519330449741
565	0	0.721031104540452	0.7354651	0.0009894397	17.71853	17.4147	-1.15506892315815
566	0	0.743535210285336	0.7877907	0.0005178285	17.79987	17.54567	-1.68985207580793
567	0	0.721497001103126	0.7616279	0.0005768245	17.67365	17.27832	-0.875380135546443
568	0	0.72762176997494	0.7209302	0.0006055597	17.69645	17.38651	-1.15311739298726
569	0	0.726790122152306	0.7267442	0.0007412119	17.68448	17.33178	-1.03910631158747
56	0	0.701106730150059	0.7180233	0.0008074303	17.64508	17.29684	-0.94537975411353
570	0	0.731388660846278	0.744186	0.00038815	17.72398	17.35729	-0.942816454442106
571	0	0.673317963792943	0.6656977	0.0008585491	17.49304	17.15992	-0.938465226498024
572	0	0.70240667888429	0.6744186	0.0009790501	17.62421	17.23923	-0.851546462566722
573	0	0.697507750452496	0.6569767	0.000547892	17.6588	17.27222	-1.08948100452721
574	0	0.730196022521704	0.6976744	0.0006210629	17.69414	17.31856	-1.0851331897437
575	0	0.693737016571686	0.6686047	0.000655301	17.72479	17.33835	-0.931887476222056
576	0	0.670274844788946	0.6511628	0.0007539946	17.65636	17.21844	-0.899855792856074
577	0	0.691897953976877	0.7267442	0.00068082	17.71603	17.43055	-1.47116852192379
578	0	0.674678021785803	0.6598837	0.0005383602	17.5755	17.22257	-0.550395161476921
579	0	0.725837101903744	0.7122093	0.0005106572	17.72202	17.38215	-0.893425652019715
57	0	0.728870704397559	0.7267442	0.0005960484	17.75997	17.41115	-1.07218653237035
580	0	0.669046103395522	0.6366279	0.000873386	17.61122	17.22607	-0.899109527649661
581	0	0.708746994705871	0.6482558	0.0008078772	17.60586	17.1484	-0.805771136873723
582	0	0.652405085205101	0.6889535	0.001139838	17.54718	17.18152	-0.690085005957324
583	0	0.672489769989625	0.6656977	0.000795579	17.63936	17.29929	-1.28511331918834
584	0	0.743730827490799	0.747093	0.0005104861	17.73605	17.45442	-1.10643806572646
585	0	0.67324194451794	0.7093023	0.000743525	17.56764	17.21446	-0.831342991294505
586	0	0.689576953928918	0.7034884	0.0006563309	17.72337	17.39177	-1.12030449897906
587	0	0.726627661450766	0.7354651	0.0007862886	17.74007	17.38893	-0.993809878574747
588	0	0.734340802300721	0.7703488	0.0006480804	17.8067	17.50366	-1.20650811058327
589	0	0.701032420364209	0.7122093	0.0007686226	17.58679	17.2732	-0.941732542679134
58	0	0.708458114881068	0.6976744	0.0004505284	17.69839	17.34328	-1.03649601215687
590	0	0.73481441733893	0.6831395	0.0007899392	17.80382	17.50755	-1.32829054599189
591	0	0.705933297215961	0.7238372	0.0009483337	17.7146	17.25578	-0.660421913461594
592	0	0.661330785159953	0.6918605	0.00100372	17.56433	17.20453	-0.871197607604364
593	0	0.71337124966085	0.7180233	0.0005822081	17.68132	17.30359	-0.944826839690022
594	0	0.711544927489012	0.6947674	0.0009325857	17.69118	17.36896	-1.18999786934749
595	0	0.724704798962921	0.7587209	0.0005216169	17.68995	17.35326	-0.956270043392274
596	0	0.693648111238144	0.6656977	0.0006333101	17.22743	17.1343	-0.905695829819572
597	0	0.738498141570017	0.7209302	0.0007197271	17.78597	17.45203	-1.15307658244217
598	0	0.734899762528949	0.6947674	0.0007152231	17.76732	17.50373	-1.25516076371734
599	0	0.690862322458997	0.6598837	0.0008636742	17.57457	17.18905	-0.921608485314135
59	0	0.714648467116058	0.7122093	0.000813031	17.73158	17.40512	-0.982802211769985
5	0	0.710328549076803	0.7180233	0.0006757987	17.61932	17.22217	-0.785641825088203
600	0	0.746828800812364	0.7267442	0.000887668	17.77549	17.50771	-1.32501082447786
601	0	0.707682006829418	0.7063953	0.00038421	17.64749	17.36313	-1.09675869968616
602	0	0.656486113998108	0.630814	0.0009123946	17.35895	17.12668	-0.755947565103423
603	0	0.738730815215968	0.7238372	0.0007979249	17.85816	17.60952	-1.5092825309756
604	0	0.729661324713379	0.7093023	0.0006925766	17.77695	17.45635	-1.23997051487351
605	0	0.716784997214563	0.744186	0.0006158145	17.75546	17.31402	-1.2627775422296
606	0	0.666589359333739	0.630814	0.0009194776	17.55163	17.10693	-0.963208820840308
607	0	0.711507451161742	0.6337209	0.001152734	17.61365	17.23393	-0.887661706090307
608	0	0.72293887808919	0.7093023	0.0005827806	17.72492	17.36649	-1.28080124786124
609	0	0.747588171623647	0.7790698	0.0007756916	17.84256	17.5176	-1.40749862813623
60	0	0.716892189718783	0.7267442	0.0007902787	17.79345	17.47889	-1.05081386650533
610	0	0.722200704668648	0.7180233	0.000585869	17.70546	17.37638	-1.11104397540402
611	0	0.73680624414701	0.7761628	0.0007431203	17.76693	17.4708	-1.42009330911578
612	0	0.657210646942258	0.6337209	0.001143943	17.69022	17.26314	-0.749647974213271
613	0	0.721847953018732	0.752907	0.0009674453	17.66187	17.28994	-0.672870658772458
614	0	0.741474004182965	0.7325581	0.0008219282	17.70145	17.33978	-0.802877846697971
615	0	0.73948200175073	0.7412791	0.0005797674	17.75527	17.46914	-1.11501718900594
616	0	0.733302867971361	0.7180233	0.0005170482	17.73257	17.3418	-1.09714033770144
617	0	0.721221316815354	0.6976744	0.0006003576	17.64429	17.30254	-1.01462483180868
618	0	0.666768137481995	0.7151163	0.0007428616	17.4701	17.07516	-0.753718460146123
619	0	0.724573286017403	0.7122093	0.0007557113	17.72559	17.45395	-1.13933819228525
61	0	0.679274191660807	0.6976744	0.0006319601	17.74423	17.33663	-1.18221086844704
620	0	0.710609763162211	0.7151163	0.0005414625	17.69178	17.32509	-0.824975804927248
621	0	0.687600483628921	0.6831395	0.0006426747	17.64037	17.15265	-0.807659578276047
622	0	0.748854541615583	0.7267442	0.000535988	17.69445	17.30003	-0.973539705530431
623	0	0.704394434415735	0.7616279	0.000759112	17.40645	17.08708	-0.912342721929178
624	0	0.656881942413747	0.6366279	0.0007505725	17.24184	17.05593	-0.711273422464212
625	0	0.730089983390644	0.7151163	0.0006440508	17.80081	17.49284	-1.19559120204345
626	0	0.70601448493544	0.7587209	0.0007935821	17.71878	17.37034	-1.26666792584851
627	0	0.727379446662962	0.752907	0.0007231501	17.77732	17.41004	-1.0727947320867
628	0	0.685810361173935	0.6598837	0.0006517485	17.62078	17.24183	-0.956402811969155
629	0	0.662628277973272	0.6889535	0.0008141975	17.33332	17.05516	-0.534564801433241
62	0	0.70622597723268	0.7093023	0.0009104656	17.62802	17.30914	-1.06397630165148
630	0	0.741953119658865	0.7354651	0.0005027219	17.79204	17.53981	-1.24647085721303
631	0	0.707514374796301	0.7180233	0.0006123027	17.65522	17.2666	-0.806736126302737
632	0	0.679156011086889	0.6831395	0.0007359822	17.59822	17.17996	-0.90449874686747
633	0	0.678006215440109	0.6860465	0.0006053713	17.59018	17.11657	-0.712947366919601
634	0	0.669996707583778	0.6482558	0.0007027583	17.53982	17.17286	-0.871052134221057
635	0	0.663440960482694	0.6831395	0.0006516215	17.64891	17.31512	-0.985062876776719
636	0	0.748574249772355	0.7063953	0.0005767939	17.80208	17.46507	-1.23933990263652
637	0	0.660594928497449	0.6656977	0.0005855149	17.19682	17.09024	-0.634905485143289
638	0	0.735107204900123	0.747093	0.000522267	17.79184	17.44186	-1.06220461471221
639	0	0.71363593316637	0.7412791	0.000521092	17.73404	17.38007	-1.15185353672746
63	0	0.655683971289545	0.6337209	0.0006678652	17.57848	17.18135	-0.782072264205119
640	0	0.698556167888455	0.6947674	0.0006824267	17.66237	17.201	-0.762198920005195
641	0	0.738653580239043	0.7703488	0.00046005	17.72491	17.43205	-1.25429291660083
642	0	0.726504304120317	0.6860465	0.0006659563	17.73231	17.44603	-1.1828559480108
643	0	0.712168950564228	0.7325581	0.0008682194	17.71397	17.33677	-1.12887882127944
644	0	0.696849927655421	0.6860465	0.0004741061	17.69601	17.33476	-1.00054789213728
645	0	0.731963637424633	0.7645349	0.000693399	17.85855	17.58352	-1.43533219940334
646	0	0.730979434633628	0.6656977	0.0008629565	17.77683	17.45958	-1.15722394664667
647	0	0.728721188614145	0.7674419	0.0006278558	17.7381	17.38774	-1.25340257565213
648	0	0.698784457729198	0.7122093	0.0009614333	17.77764	17.46967	-1.02882884561682
649	0	0.655848312540911	0.6860465	0.001207388	17.4078	17.11412	-0.653307714797967
64	0	0.739166993368417	0.7674419	0.0005103705	17.79819	17.46059	-1.14097005081986
650	0	0.737875013914891	0.7325581	0.0006979217	17.88003	17.61193	-1.20832942423803
651	0	0.695008124504238	0.7034884	0.0007149334	17.42989	17.15303	-0.853115272255306
652	0	0.738201175653376	0.7936047	0.0006791057	17.75258	17.37002	-1.128208102785
653	0	0.690729623497464	0.6802326	0.0005810661	17.67864	17.24914	-1.08491750971254
654	0	0.688360342709348	0.7238372	0.0006324218	17.66596	17.2528	-0.742186652337851
655	0	0.693966118735261	0.6656977	0.0007998152	17.42934	17.11959	-0.827905466875122
656	0	0.656077671889216	0.6424419	0.0005227536	17.58444	17.18859	-0.963906932566182
657	0	0.733419715124182	0.7819767	0.0007799266	17.79899	17.49284	-1.34274768464475
658	0	0.687824535416439	0.6860465	0.0007766276	17.67437	17.28581	-0.936980420842905
659	0	0.723467260040343	0.7354651	0.001042807	17.6822	17.33683	-1.00422705666343
65	0	0.664261005586013	0.7005814	0.0008215274	17.56203	17.22618	-1.0146540640235
660	0	0.684282176801935	0.7354651	0.0008124027	17.68935	17.26043	-0.975936890127381
661	0	0.679832354118116	0.6627907	0.0008412475	17.64194	17.18603	-0.661772517647972
662	0	0.707587550766766	0.7005814	0.0006779635	17.67435	17.23483	-0.95772462744595
663	0	0.657604104396887	0.6162791	0.0007797433	17.27118	17.03083	-0.740586201084418
664	0	0.706140464823693	0.6947674	0.0007773283	17.7161	17.31776	-0.800113000974455
665	0	0.728982114652172	0.7151163	0.0006956876	17.76347	17.46944	-1.20428888757696
666	0	0.736398401390761	0.7296512	0.0005056651	17.77198	17.40641	-1.1385720773805
667	0	0.70195476282388	0.6947674	0.0006256376	17.75269	17.37089	-1.1406447303829
668	0	0.714749781205319	0.7151163	0.0009966329	17.71874	17.35278	-1.08330347943915
669	0	0.660909673362039	0.630814	0.00061067	17.62515	17.24453	-0.910847828608082
66	0	0.704437655955553	0.7383721	0.0007867943	17.68808	17.36452	-1.06275375992969
670	0	0.678210060461424	0.6598837	0.0007094822	17.47151	17.16569	-1.0157831521014
671	0	0.672939645964652	0.6482558	0.0009816927	17.50991	17.2062	-0.701712083197297
672	0	0.741688266699202	0.7325581	0.000574896	17.96011	17.62922	-1.7370361538701
673	0	0.672208039416	0.6773256	0.0007392475	17.67102	17.23254	-0.721710273568944
674	0	0.733322314941324	0.7093023	0.0007734887	17.68796	17.44679	-1.32018076573936
675	0	0.71971047508996	0.7412791	0.0006512255	17.71708	17.38907	-0.959519671396454
676	0	0.702736525773071	0.7151163	0.0005633277	17.69042	17.32567	-1.20858695324764
677	0	0.749980182293802	0.755814	0.0008767454	17.76039	17.43017	-0.991453904951122
678	0	0.704687277786434	0.6947674	0.0004755792	17.52766	17.13291	-0.769531717727286
679	0	0.705954141612165	0.6831395	0.0008873005	17.66487	17.32509	-1.10799603624937
67	0	0.749187923595309	0.7587209	0.000486706	17.88021	17.57748	-1.6930655062008
680	0	0.727544323960319	0.6976744	0.0008731192	17.75724	17.47021	-1.40847891336657
681	0	0.701524776290171	0.6918605	0.0005514775	17.45278	17.23712	-0.846782047143064
682	0	0.692089230846614	0.6802326	0.0008348353	17.65566	17.33348	-1.11858557048363
683	0	0.689035861636512	0.7005814	0.000619032	17.63556	17.3056	-0.9717379395271
684	0	0.650410434254445	0.6337209	0.0009196994	17.56848	17.19097	-1.03712287769575
685	0	0.703165522217751	0.7122093	0.0009932469	17.64653	17.31059	-0.992793017349922
686	0	0.698915165499784	0.6889535	0.0006139259	17.74586	17.41732	-1.19897188013224
687	0	0.659520920715295	0.6569767	0.0008310637	17.59958	17.16829	-0.927209741977666
688	0	0.749509325809777	0.747093	0.000561313	17.7553	17.3674	-1.02786870542317
689	0	0.654653260996565	0.6802326	0.0007520796	17.57793	17.11967	-0.485809895649554
68	0	0.658477952703834	0.6569767	0.0007596368	17.11584	16.99205	-0.704491117114602
690	0	0.696823954884894	0.6744186	0.0006001029	17.69793	17.31632	-0.981959491783459
691	0	0.707394395419396	0.7151163	0.0006634056	17.73442	17.2542	-0.877884665669475
692	0	0.732276973756962	0.7267442	0.0006544404	17.73902	17.39309	-1.07381282976659
693	0	0.652066935086623	0.7093023	0.0006691828	17.66829	17.18391	-0.739471593749426
694	0	0.743796041724272	0.7354651	0.000587006	17.77428	17.47463	-1.07717910963308
695	0	0.718247489514761	0.7034884	0.0007387592	17.62264	17.2417	-0.827983472517292
696	0	0.735790411382914	0.7296512	0.0004766518	17.70958	17.34246	-0.973288978917997
697	0	0.691851454228163	0.7093023	0.001182823	17.62008	17.22942	-0.982449076488235
698	0	0.666048836382106	0.6773256	0.0008099504	17.35333	17.09184	-0.733474192915687
699	0	0.662088172510266	0.6598837	0.000886972	17.26423	17.03511	-0.747570492666044
69	0	0.722715746262111	0.6860465	0.0006986535	17.70056	17.33921	-0.880496036588322
6	0	0.744487314810976	0.7965116	0.0005139468	17.71539	17.39205	-0.930330097038898
700	0	0.68943401328288	0.7354651	0.0007194641	17.61254	17.25136	-0.866231158283258
701	0	0.677168381796219	0.6482558	0.0007036048	17.59961	17.25838	-0.881142367885206
702	0	0.690663649258204	0.6831395	0.0006855129	17.71488	17.31481	-1.18858167676969
703	0	0.712923419033177	0.6976744	0.000444508	17.79497	17.43311	-1.22566306245639
704	0	0.735621091676876	0.7383721	0.0004837942	17.80967	17.45841	-1.12005892563573
705	0	0.700928179128095	0.6947674	0.0006757324	17.71771	17.35773	-1.15775441451884
706	0	0.731715080025606	0.7238372	0.0005360714	17.74358	17.39296	-1.07204245194267
707	0	0.684061540383846	0.6656977	0.0005643417	17.62899	17.27771	-0.869913243300451
708	0	0.687103653512895	0.6918605	0.0008059247	17.5896	17.15735	-0.705449239587976
709	0	0.69065906314645	0.6656977	0.0006231896	17.62152	17.20397	-0.883445986221488
70	0	0.679079036298208	0.6831395	0.0005381086	17.73877	17.45158	-1.16347056916308
710	0	0.701290861726738	0.6918605	0.0009910042	17.49001	17.2088	-0.917056378413656
711	0	0.730394577072002	0.7238372	0.0008529455	17.75829	17.40681	-1.11739815487583
712	0	0.653080664086156	0.6918605	0.0008420088	17.53269	17.09875	-0.711051078179628
713	0	0.66479341944214	0.6860465	0.0008113832	17.50138	17.06388	-0.592466567103717
714	0	0.72218487598002	0.7819767	0.000662525	17.77905	17.49598	-1.17975819928368
715	0	0.715498562832363	0.7238372	0.0006275418	17.72429	17.47902	-1.29650158824403
716	0	0.69150669851806	0.752907	0.001126648	17.59929	17.30109	-0.97545794996873
717	0	0.740624917834066	0.7063953	0.0006129042	17.73632	17.36113	-1.05482220412905
718	0	0.659377873479389	0.6366279	0.0007839144	17.5265	17.12837	-0.649131093778332
719	0	0.721992709464394	0.752907	0.0008287005	17.729	17.41033	-1.17072102093621
71	0	0.738574001868255	0.7383721	0.0006732163	17.70309	17.29269	-0.996016840717222
720	0	0.683280868967995	0.6860465	0.0004840617	17.56694	17.22481	-0.776681289147868
721	0	0.731234576716088	0.75	0.0005394999	17.64101	17.25947	-0.809446656301001
722	0	0.718741042097099	0.747093	0.000980947	17.69198	17.40708	-1.22081914640832
723	0	0.677491109445691	0.6889535	0.0008089434	17.62384	17.21454	-1.07230185215655
724	0	0.696184258814901	0.7209302	0.000844495	17.74772	17.47925	-1.21234686572635
725	0	0.654356947145425	0.6802326	0.0006593371	17.00722	16.91976	-0.528974662503739
726	0	0.735992308682762	0.7209302	0.0003837512	17.7855	17.54109	-1.68568701946966
727	0	0.651323638856411	0.630814	0.0005956161	17.44402	17.15266	-0.759934320339942
728	0	0.660716705676168	0.6046512	0.0009052571	17.51982	17.08093	-0.66460140779799
729	0	0.685971112386323	0.6773256	0.0007445726	17.52736	17.15	-0.680838336534432
72	0	0.670555910025723	0.6424419	0.0006992042	17.31085	17.10395	-0.574359750748709
730	0	0.720366187812761	0.7383721	0.00101004	17.68798	17.3242	-1.18018029726231
731	0	0.677158532920293	0.6133721	0.0005430386	17.65206	17.2516	-0.679250629718048
732	0	0.675213095569052	0.7063953	0.0005490495	17.33298	17.14146	-0.779830058820964
733	0	0.684053121577017	0.7180233	0.0006670586	17.63298	17.16816	-0.520465160744316
734	0	0.738029857072979	0.755814	0.0005109117	17.79157	17.49651	-1.26004268746677
735	0	0.674505748064257	0.7122093	0.001295552	17.62642	17.30912	-0.929263699773924
736	0	0.703872769628651	0.7209302	0.0007461841	17.673	17.35334	-1.0967944771641
737	0	0.688092370168306	0.7122093	0.0008479254	17.70658	17.32261	-0.779412264987768
738	0	0.667704651202075	0.622093	0.0008272149	17.61291	17.17088	-0.634371199060967
739	0	0.684068499156274	0.6424419	0.0007855482	17.56938	17.16685	-0.702863508818217
73	0	0.683190145576373	0.6802326	0.0007912094	17.69062	17.31211	-0.810929033755217
740	0	0.655608576815575	0.6831395	0.0008837931	17.55662	17.18507	-0.668668243743184
741	0	0.680380149441771	0.6889535	0.0008599783	17.54416	17.20432	-0.806726466316905
742	0	0.714204237330705	0.7383721	0.000686166	17.74681	17.4364	-1.158654016962
743	0	0.740602690447122	0.7383721	0.0005601442	17.76337	17.44842	-1.19282627575486
744	0	0.719066260778345	0.7412791	0.0005014567	17.74046	17.43141	-1.02145501192637
745	0	0.739394741877913	0.7122093	0.0006197469	17.80507	17.51195	-1.26042853834889
746	0	0.705599191086367	0.7325581	0.0006190337	17.61278	17.2399	-1.00753356568302
747	0	0.698412938485853	0.752907	0.0009983829	17.68844	17.24155	-1.01389460243367
748	0	0.727256396925077	0.6686047	0.0006721083	17.67629	17.28479	-1.07720354143812
749	0	0.726456346781924	0.6686047	0.0007274448	17.6604	17.27985	-0.984817803674338
74	0	0.739374304702505	0.752907	0.00064084	17.71445	17.39746	-1.15522913711563
750	0	0.71525917048566	0.7180233	0.0005536505	17.71522	17.32625	-0.911558118780523
751	0	0.671757566696033	0.6395349	0.0008388305	17.40331	17.10873	-0.810765178005301
752	0	0.709170190920122	0.7034884	0.0006016857	17.6099	17.25481	-0.746315303244298
753	0	0.691957587422803	0.6860465	0.0007260256	17.61069	17.31151	-1.026806925104
754	0	0.737486506602727	0.7906977	0.0006817317	17.68735	17.3847	-1.15992844093236
755	0	0.672931835311465	0.6540698	0.0007093266	17.66429	17.23609	-0.948576274725351
756	0	0.720393930980936	0.7296512	0.0008695192	17.69374	17.34375	-1.00959529077218
757	0	0.744780613109469	0.7238372	0.000684025	17.79791	17.49294	-1.2467566145424
758	0	0.658645403734408	0.7034884	0.001245623	17.44007	17.13517	-0.863196472042516
759	0	0.72008128403686	0.7674419	0.0008117592	17.70483	17.38984	-1.12246256536841
75	0	0.663210130156949	0.6889535	0.0009296752	17.5657	17.19656	-0.837049461279465
760	0	0.734522549854592	0.7325581	0.000650892	17.81499	17.46936	-1.35206606559766
761	0	0.740025561838411	0.7383721	0.0006428843	17.69192	17.40349	-1.04348968796301
762	0	0.726664567063563	0.7994186	0.0008989754	17.71955	17.38438	-1.24560494972277
763	0	0.737096097436734	0.7180233	0.0004729077	17.78871	17.4419	-1.33308820431639
764	0	0.687525742640719	0.6686047	0.0009038094	17.66342	17.34928	-0.993727823183966
765	0	0.734975654352456	0.7354651	0.000571795	17.6648	17.29225	-1.25523382538713
766	0	0.689342439407483	0.6598837	0.0005699489	17.60478	17.23127	-0.887166331855573
767	0	0.661540454113856	0.6656977	0.0009996715	17.68431	17.28261	-1.034766557232
768	0	0.706261788820848	0.6889535	0.0008456008	17.62377	17.2099	-0.896447566037277
769	0	0.705756617407314	0.6947674	0.0007021757	17.65162	17.33976	-0.930593789776714
76	0	0.688487053802237	0.75	0.0008628773	17.69587	17.29195	-0.827307928683315
770	0	0.742346726730466	0.7616279	0.0007704248	17.74327	17.41375	-1.05174288021836
771	0	0.673037562239915	0.6540698	0.0007844581	17.66648	17.34237	-0.954910942378692
772	0	0.738457687548362	0.7267442	0.0005457075	17.70915	17.35533	-1.08029245794796
773	0	0.660807013185695	0.6656977	0.0007338817	17.64986	17.27987	-0.875320517418242
774	0	0.699374262872152	0.7034884	0.0009095752	17.70799	17.43825	-1.13968084668267
775	0	0.729387032799423	0.7209302	0.0006561714	17.73157	17.41986	-1.08012471423296
776	0	0.708455843059346	0.7412791	0.0006309057	17.69635	17.32803	-1.08984981331375
777	0	0.73257679680828	0.6802326	0.0008052923	17.70048	17.40655	-1.1905887572946
778	0	0.684979313332587	0.7296512	0.0009380478	17.52649	17.21009	-0.826520219391907
779	0	0.744479624810629	0.7761628	0.0006457364	17.75968	17.44844	-1.09982976771223
77	0	0.650676401425153	0.6511628	0.0009074044	17.49886	17.08237	-0.722347842217075
780	0	0.714145288034342	0.7325581	0.0006130785	17.67506	17.32328	-0.983432369114726
781	0	0.723872898821719	0.7209302	0.0008461127	17.77104	17.47493	-1.09698044686856
782	0	0.667056830809452	0.6715116	0.0006329565	17.57635	17.08684	-0.699018084339118
783	0	0.677808864135295	0.6511628	0.0008871774	17.65189	17.19612	-0.840658393881863
784	0	0.673210989497602	0.6540698	0.0004848419	17.62156	17.18115	-1.00198405431207
785	0	0.653428212716244	0.6744186	0.0008229387	17.39721	17.13221	-0.653759302590215
786	0	0.730444614472799	0.7325581	0.0005858116	17.72356	17.40711	-1.31017172532118
787	0	0.704376699891873	0.7209302	0.000950253	17.61312	17.204	-0.760334611045437
788	0	0.663110055495054	0.627907	0.0007422025	17.00807	17.01606	-0.666916603758305
789	0	0.650109493662603	0.6569767	0.0005983983	17.52655	17.14377	-0.839987554000249
78	0	0.655988983623684	0.6715116	0.0009001899	17.46362	17.13323	-0.9617291191841
790	0	0.73630551151	0.7354651	0.0004645652	17.82432	17.53145	-1.04076230179135
791	0	0.679647567193024	0.6598837	0.000743047	17.69919	17.33799	-0.943226323973649
792	0	0.694176647951826	0.6831395	0.0005860545	17.61579	17.20528	-0.96846107061971
793	0	0.70083785506431	0.6802326	0.0006016937	17.75175	17.35952	-1.03300039939603
794	0	0.747499026078731	0.752907	0.0006002891	17.69005	17.32846	-1.09140228721125
795	0	0.652430010773242	0.630814	0.0008559482	17.61398	17.20379	-0.806762921195776
796	0	0.659557159477845	0.6337209	0.000689974	17.45127	17.17856	-1.02392877559409
797	0	0.745525784650818	0.7180233	0.0007087874	17.83195	17.59241	-1.71637187364735
798	0	0.657698070490733	0.6889535	0.0007125227	17.55698	17.17887	-0.83844997048254
799	0	0.709050398832187	0.6773256	0.0006007207	17.74016	17.36512	-1.09443137426432
79	0	0.731751325586811	0.7412791	0.0007728838	17.73674	17.43346	-1.13685316305461
7	0	0.687390361865982	0.7325581	0.0009375237	17.62387	17.31396	-0.97586890661093
800	0	0.694670711737126	0.7267442	0.0006414353	17.37018	17.10721	-1.02010692434679
801	0	0.684780680201948	0.6686047	0.0009886323	17.68734	17.30386	-1.10341770124701
802	0	0.713917243736796	0.7238372	0.000727003	17.6322	17.26214	-0.896745808933164
803	0	0.734993035648949	0.6889535	0.0007329773	17.80171	17.38683	-1.26073943558593
804	0	0.680101740756072	0.6976744	0.0005878228	17.53174	17.17849	-0.618307218316353
805	0	0.664557611732744	0.6860465	0.001063212	17.48691	17.13944	-0.526422021570483
806	0	0.674354551755823	0.7238372	0.000913722	17.66562	17.23572	-0.811075584465177
807	0	0.652193120098673	0.6511628	0.0008313663	17.55324	17.18572	-0.843144962006122
808	0	0.720284384395927	0.7093023	0.0005887369	17.66416	17.27455	-1.00445051138645
809	0	0.696765290619805	0.6686047	0.0008149931	17.67339	17.33024	-1.20269939779012
80	0	0.655217298888601	0.6889535	0.0005353047	17.58754	17.08804	-0.695789305416551
810	0	0.680467111733742	0.6918605	0.001036835	17.62315	17.224	-0.942953747700192
811	0	0.746752146282233	0.7005814	0.000868796	17.77339	17.46062	-1.21441821876167
812	0	0.684998405841179	0.6656977	0.0008624168	17.74416	17.40948	-1.09630376081358
813	0	0.70416603689082	0.747093	0.0005030517	17.70726	17.32605	-0.79243876855363
814	0	0.67008163575083	0.6773256	0.0006648925	17.56067	17.18221	-0.872536304006568
815	0	0.746252737101167	0.7151163	0.0005339216	17.75487	17.45119	-1.27677698434114
816	0	0.665252238255925	0.7122093	0.0008781066	17.41575	17.05086	-0.906758400143585
817	0	0.67396473097615	0.6831395	0.0008947219	17.58815	17.14906	-0.795636346656246
818	0	0.673866289132275	0.6569767	0.0007932026	17.40653	17.06877	-0.722531698514076
819	0	0.692044831532985	0.7093023	0.0006371237	17.50322	17.21225	-0.945299324512819
81	0	0.684512344468385	0.6715116	0.001108005	17.65383	17.30633	-0.868000117480114
820	0	0.656791854696348	0.625	0.0008997219	17.50711	17.17846	-0.953464885806592
821	0	0.707919177296571	0.7296512	0.0005471171	17.663	17.3157	-1.25741544338586
822	0	0.722292151092552	0.7122093	0.0006138576	17.68766	17.37271	-1.03789737609331
823	0	0.657707811659202	0.6947674	0.0007593587	17.32439	17.03104	-0.519452718852328
824	0	0.683672537980601	0.7093023	0.0008357534	17.62216	17.21721	-1.10188326705485
825	0	0.673329619131982	0.6656977	0.0006215901	17.53512	17.17781	-0.587411670301891
826	0	0.689411992533132	0.747093	0.0009875623	17.67925	17.26712	-0.862983559600846
827	0	0.739057555585168	0.7674419	0.0007956423	17.74637	17.42602	-1.19431920045359
828	0	0.665519065991975	0.6627907	0.0008431605	17.03715	17.04563	-0.780101088000363
829	0	0.729258371633478	0.7238372	0.0005623591	17.77923	17.50809	-1.09484080408616
82	0	0.723117082961835	0.6860465	0.000567108	17.59238	17.29951	-0.918047390432518
830	0	0.730344764166512	0.6773256	0.0007065619	17.69469	17.33674	-1.08333836888082
831	0	0.669373509194702	0.625	0.0005762875	17.6685	17.21276	-0.892750170647792
832	0	0.654707332700491	0.6598837	0.0005361224	17.3204	17.03439	-0.556466855134281
833	0	0.746465059835464	0.7936047	0.0005297901	17.76554	17.38379	-0.986189765476787
834	0	0.666016367496923	0.7238372	0.0006106414	17.5159	17.13429	-0.723009400608933
835	0	0.675391402235255	0.6947674	0.001114911	17.60904	17.24698	-1.01594194357947
836	0	0.739157645963132	0.744186	0.0005505386	17.75663	17.42992	-1.16099748840283
837	0	0.663345295609906	0.6744186	0.0007681434	17.26097	17.09171	-0.763130626489664
838	0	0.678827482182533	0.6773256	0.000737696	17.57867	17.15978	-0.890353065605688
839	0	0.699313272233121	0.6715116	0.0008124164	17.60841	17.24475	-0.830869605252547
83	0	0.681444375030696	0.6976744	0.0007066662	17.63303	17.16812	-0.937227641750274
840	0	0.730761816585436	0.7180233	0.0006534555	17.77369	17.43406	-1.20236363529094
841	0	0.672491885325871	0.6627907	0.0006446325	17.32853	17.10812	-0.746039404969918
842	0	0.665586540335789	0.625	0.000743395	17.10543	17.08459	-0.675152354758934
843	0	0.652073397743516	0.6773256	0.0007340343	17.57642	17.07316	-0.663929971471136
844	0	0.650494617666118	0.6598837	0.0006828811	17.41681	17.1263	-0.832758538266783
845	0	0.740486429608427	0.7063953	0.0007413298	17.8546	17.49297	-1.32635777906981
846	0	0.727862023259513	0.7267442	0.0008664518	17.79765	17.51678	-1.13629590287377
847	0	0.682808921276592	0.7180233	0.0008098195	17.68676	17.30305	-1.03077904172196
848	0	0.695308202691376	0.7005814	0.0009682195	17.65403	17.2537	-1.26455560790631
849	0	0.680190524412319	0.7238372	0.0009888114	17.57429	17.18693	-0.830927033548596
84	0	0.748399104829878	0.7906977	0.0007316816	17.81338	17.48652	-1.32002510454332
850	0	0.738058660575189	0.7412791	0.0007321598	17.69425	17.307	-0.996538398381012
851	0	0.688650434976444	0.6947674	0.0006007368	17.69187	17.3649	-0.954120506026706
852	0	0.660624842322432	0.6453488	0.0007626626	17.2272	17.08809	-0.879598309776665
853	0	0.703145964327268	0.6831395	0.0007254158	17.74935	17.40689	-0.906966391648405
854	0	0.72899490473792	0.7238372	0.0005326174	17.78111	17.46456	-1.18450525153606
855	0	0.683881997899152	0.6656977	0.0004992581	17.37375	17.09394	-0.855734624977498
856	0	0.655355318868533	0.6482558	0.0007740074	17.60652	17.15831	-0.790008086010343
857	0	0.747393377032131	0.7761628	0.000686091	17.82382	17.54359	-1.47673270495199
858	0	0.680727078695782	0.6889535	0.0009227762	17.57725	17.17736	-1.09586107973577
859	0	0.684582996694371	0.7005814	0.0008330199	17.72636	17.41699	-1.18118356107635
85	0	0.728425225778483	0.7034884	0.0006146363	17.77628	17.51034	-1.50702354943632
860	0	0.724949813564308	0.6918605	0.0006170291	17.67968	17.32132	-1.15429858258904
861	0	0.683518981933594	0.6627907	0.0007608794	17.67399	17.25273	-0.881406963983819
862	0	0.747078424808569	0.7703488	0.0006959076	17.85498	17.57343	-1.25495053654688
863	0	0.712937886733562	0.7034884	0.0008225389	17.6822	17.29356	-0.925753530757914
864	0	0.71723510583397	0.752907	0.0006603038	17.69932	17.32964	-1.01773084341643
865	0	0.70275167862419	0.6598837	0.0007220807	17.7327	17.33683	-0.999479144145871
866	0	0.650054894271307	0.7005814	0.0007050163	17.63439	17.2807	-1.00515753683982
867	0	0.703785542678088	0.6598837	0.0007543391	17.64436	17.23945	-0.898652803734307
868	0	0.652709645871073	0.6540698	0.0007843093	17.37247	17.03195	-0.693546019841652
869	0	0.718228522408754	0.7209302	0.0008071879	17.80217	17.50387	-1.21529930940728
86	0	0.68134716656059	0.6598837	0.0005953808	17.66625	17.27774	-0.787341932478913
870	0	0.741364813013934	0.7383721	0.0005112647	17.82583	17.54158	-1.04280910696136
871	0	0.65967175855767	0.619186	0.0007521968	17.50003	17.13933	-0.895756740135546
872	0	0.712709229206666	0.7645349	0.0005220838	17.62711	17.2545	-0.977202269123123
873	0	0.70335769590456	0.6715116	0.00108878	17.65877	17.22057	-0.784710225783515
874	0	0.68019649933558	0.6366279	0.0008075827	17.58432	17.20747	-0.817644667235418
875	0	0.705588336661458	0.6918605	0.0006776989	17.62735	17.24565	-0.957287869816215
876	0	0.724542241310701	0.7005814	0.0005093644	17.76938	17.37479	-1.16275133399152
877	0	0.728035382204689	0.7848837	0.0006052204	17.67986	17.3803	-1.19856772494868
878	0	0.663434625929222	0.6424419	0.0008264063	16.98793	16.95969	-0.681498590586955
879	0	0.721980355656706	0.75	0.0009947149	17.7223	17.40953	-1.05708415731816
87	0	0.693843608465977	0.6860465	0.0007102692	17.7344	17.31332	-0.778090020848088
880	0	0.717337873345241	0.7034884	0.0007519682	17.70801	17.32526	-1.43095915599791
881	0	0.718784609576687	0.7412791	0.001013732	17.73627	17.3656	-1.03223738686762
882	0	0.730652092630044	0.747093	0.0009110513	17.77304	17.503	-1.33906553580077
883	0	0.740215042955242	0.7906977	0.0003357514	17.768	17.50185	-1.1559128294583
884	0	0.720349576277658	0.6860465	0.0007167302	17.75157	17.42659	-1.03670346905705
885	0	0.683620146824978	0.6802326	0.0009206417	17.62689	17.25357	-0.863823068786069
886	0	0.697688968619332	0.6453488	0.0006037726	17.70627	17.33709	-0.91172252433568
887	0	0.658720555249602	0.6918605	0.00103953	17.02592	16.98862	-0.576442402955216
888	0	0.697288269083947	0.7238372	0.0006445152	17.69632	17.40671	-0.912846378411917
889	0	0.667891298164614	0.7063953	0.0007323921	17.64374	17.16502	-0.765637373307619
88	0	0.701658786507323	0.75	0.0007618282	17.67714	17.26701	-1.15470111948332
890	0	0.728509838529863	0.7354651	0.0004447091	17.74143	17.45135	-0.898856795881008
891	0	0.740630051563494	0.6976744	0.00043737	17.76094	17.3353	-1.3104572869502
892	0	0.725129456841387	0.7383721	0.0006933392	17.62625	17.37526	-1.03944912842498
893	0	0.714993904414587	0.7063953	0.0006150086	17.68069	17.33573	-1.21467788009402
894	0	0.662298950715922	0.6744186	0.0007342141	17.09207	17.00635	-0.581816017200932
895	0	0.715280556026846	0.6976744	0.0006528831	17.7467	17.43039	-1.26229644609762
896	0	0.722154837427661	0.7325581	0.0008286603	17.73729	17.39881	-0.987004666555708
897	0	0.67298635407351	0.6802326	0.0006064524	17.38706	17.04685	-0.666930580576566
898	0	0.659370241686702	0.5988372	0.0006309516	17.57052	17.20899	-0.812003146054729
899	0	0.661353102559224	0.625	0.0005670234	17.56703	17.13513	-0.779383346509565
89	0	0.719709105161019	0.7034884	0.0007758395	17.71097	17.4377	-1.04364281636706
8	0	0.682985916244797	0.7122093	0.001113692	17.61752	17.29947	-1.00289341430068
900	0	0.680789039889351	0.6715116	0.0009392558	17.52641	17.13138	-0.795209608965601
901	0	0.734367844020017	0.75	0.000607039	17.64996	17.21106	-0.922439087086785
902	0	0.713837733096443	0.6976744	0.0005597182	17.63547	17.23124	-0.995894326480474
903	0	0.694468898465857	0.6656977	0.0008078368	17.5959	17.27215	-1.03997905292148
904	0	0.695078160264529	0.7383721	0.0007803513	17.69541	17.23849	-0.966373160136984
905	0	0.684549210569821	0.7267442	0.0004990094	17.67735	17.25815	-0.985810904732068
906	0	0.667750294855796	0.6627907	0.001110877	17.70104	17.26779	-0.733689576690556
907	0	0.741704191640019	0.747093	0.000473796	17.87982	17.58675	-1.37976882661057
908	0	0.663668090105057	0.6744186	0.0005154233	17.42546	17.13073	-0.757899754405213
909	0	0.656688854680397	0.6424419	0.000681153	17.64718	17.21098	-1.13184360418324
90	0	0.705521960905753	0.7238372	0.0007156847	17.63937	17.24764	-1.06439817852695
910	0	0.679419462615624	0.6976744	0.000702509	17.5826	17.21643	-0.903553078565089
911	0	0.658744721743278	0.6656977	0.0006203131	17.53932	17.0915	-0.559482302406959
912	0	0.74219793130178	0.7238372	0.0006263528	17.70374	17.37999	-1.17387748493857
913	0	0.68093389084097	0.7034884	0.0007591966	17.53985	17.20105	-0.90729399101811
914	0	0.678630016976967	0.6540698	0.0007008332	17.53686	17.22877	-0.808464730987162
915	0	0.670603828411549	0.6540698	0.0006483844	17.43019	17.0989	-0.748161302003869
916	0	0.723587033781223	0.7209302	0.0006939371	17.6465	17.37148	-0.995618241293572
917	0	0.743083659606054	0.7296512	0.0006760726	17.8003	17.57592	-1.46379821364938
918	0	0.681034963275306	0.7122093	0.0006994082	17.59207	17.19507	-1.0648231498364
919	0	0.69654359088745	0.6947674	0.0007781106	17.54867	17.15071	-1.04555781801856
91	0	0.662511237780564	0.6831395	0.0009166624	17.17026	17.05333	-0.531962570964406
920	0	0.729530588723719	0.7180233	0.0005446101	17.7799	17.48634	-1.27883280510431
921	0	0.734685171418823	0.744186	0.0007220791	17.78298	17.45451	-1.47744197070668
922	0	0.651037101005204	0.6598837	0.001179109	17.54488	17.15402	-0.700178678627825
923	0	0.675208949693479	0.6453488	0.0009928996	17.61468	17.24138	-0.814839750782356
924	0	0.749865227215923	0.7209302	0.0005463101	17.65181	17.29293	-1.14437257186034
925	0	0.677571949874982	0.6831395	0.0008304533	17.518	17.23996	-0.966324375118325
926	0	0.722226194525138	0.75	0.0007305343	17.70009	17.33845	-1.07256041411433
927	0	0.684459831868298	0.7180233	0.0008303584	17.66616	17.223	-0.771178154531026
928	0	0.723446507705376	0.7034884	0.0007287638	17.53017	17.19883	-0.681366656719948
929	0	0.739668162097223	0.7674419	0.000613629	17.78057	17.50885	-1.32922293529552
92	0	0.746383931976743	0.747093	0.0006759651	17.70743	17.36036	-1.10319044998935
930	0	0.7049607377965	0.7122093	0.0004410762	17.66443	17.28283	-0.97091095567636
931	0	0.650500074820593	0.6017442	0.0007108194	17.57662	17.16997	-0.695252809831515
932	0	0.739370367443189	0.7703488	0.0004573535	17.77525	17.48795	-1.51167120093245
933	0	0.684575628186576	0.7005814	0.0005720453	17.59145	17.17502	-0.911100127777366
934	0	0.733743834123015	0.6947674	0.0006705094	17.69227	17.34513	-0.908594398298096
935	0	0.722163012530655	0.755814	0.00047941	17.7307	17.40612	-1.07614116974354
936	0	0.692276914347895	0.6744186	0.0007515221	17.69538	17.31307	-1.04437808983
937	0	0.677321179118007	0.6395349	0.0008061678	17.57467	17.22143	-0.90495675786044
938	0	0.653079527034424	0.627907	0.0009505175	17.45134	17.04293	-0.505130788358956
939	0	0.732781453523785	0.7296512	0.0005833669	17.73805	17.39606	-1.00361615988068
93	0	0.667117064888589	0.6889535	0.0006550969	17.63492	17.24217	-1.03297660278202
940	0	0.67152632009238	0.6511628	0.000575344	17.41795	17.14072	-0.903969128599351
941	0	0.659169405628927	0.6656977	0.00053656	17.54172	17.16299	-0.738267034358296
942	0	0.693985963286832	0.6656977	0.0006510425	17.55393	17.18419	-0.894539628790865
943	0	0.711351953446865	0.7093023	0.0007828567	17.66048	17.37389	-1.2237210639466
944	0	0.698580577573739	0.6947674	0.0005892159	17.65832	17.26131	-0.89741348018
945	0	0.733583399583586	0.7180233	0.0007218626	17.71848	17.39667	-1.09173298936964
946	0	0.657011424726807	0.6773256	0.0006085999	17.57683	17.2196	-1.00940563868371
947	0	0.682536546932533	0.6598837	0.001009659	17.66363	17.22831	-0.710723395251364
948	0	0.663429084210657	0.6627907	0.001067167	17.29535	17.12738	-0.775219732298672
949	0	0.683219052385539	0.6627907	0.0005826753	17.62139	17.26461	-1.03446042809948
94	0	0.661908013233915	0.6656977	0.0005849137	17.49872	17.13601	-0.801835491756434
950	0	0.70820246974472	0.7151163	0.000620273	17.69513	17.39927	-1.11724638423869
951	0	0.731015297258273	0.6831395	0.0005559952	17.71199	17.32632	-1.14743210096896
952	0	0.741061929683201	0.7412791	0.0005460773	17.81494	17.56537	-1.58401971401113
953	0	0.654706732556224	0.6627907	0.0008448475	17.02413	17.04406	-0.613534709973524
954	0	0.745703625120223	0.75	0.0007160314	17.74303	17.43574	-1.21355799140747
955	0	0.742839357093908	0.75	0.0007911418	17.79433	17.49484	-1.17258882933178
956	0	0.736410851730034	0.7151163	0.0006796977	17.7515	17.52565	-1.49881459699241
957	0	0.685050943074748	0.7180233	0.0007856026	17.66139	17.25627	-0.79216612831722
958	0	0.734995506564155	0.7034884	0.0006826386	17.68256	17.34225	-1.20962529006303
959	0	0.71093502047006	0.7151163	0.0006261483	17.68059	17.28871	-0.990800837666674
95	0	0.690610831486993	0.6831395	0.0008553618	17.69445	17.35665	-0.786741499097481
960	0	0.673492394154891	0.6598837	0.0008221223	17.43409	17.07996	-0.60889127552224
961	0	0.709392125927843	0.7296512	0.0007861108	17.75656	17.34905	-1.14882248959305
962	0	0.666655860748142	0.6627907	0.0008394866	17.52663	17.07195	-0.515377411335561
963	0	0.743869116529822	0.7325581	0.0006877905	17.71601	17.35418	-1.18341368856912
964	0	0.68467963731382	0.6656977	0.000695475	17.62245	17.25778	-0.94550892086721
965	0	0.717643908620812	0.7005814	0.0005860498	17.71631	17.29772	-0.942588598740438
966	0	0.71701185926795	0.7587209	0.0009925321	17.66594	17.32075	-1.27746867252781
967	0	0.746617978182621	0.7122093	0.0006151611	17.81147	17.5419	-1.36062429311066
968	0	0.693141916836612	0.6424419	0.0006425166	17.48491	17.12774	-0.715930828852552
969	0	0.704568313853815	0.6918605	0.0005838339	17.68881	17.35073	-0.862334681046815
96	0	0.710190808447078	0.7616279	0.0006535953	17.69304	17.33414	-1.16489681706339
970	0	0.680987844499759	0.6976744	0.0006333711	17.6742	17.2408	-0.778811934512642
971	0	0.691198712796904	0.6686047	0.0004896624	17.63276	17.25253	-0.953530545915913
972	0	0.718254077318125	0.744186	0.0007650632	17.73879	17.34539	-0.971790713707919
973	0	0.651138557889499	0.6482558	0.0009438607	17.45722	17.03197	-0.681541479677902
974	0	0.692067035823129	0.6744186	0.0006731897	17.627	17.26097	-0.994495837418512
975	0	0.650860674725846	0.6540698	0.0006348796	17.50293	17.154	-0.816328242924544
976	0	0.726810081419535	0.75	0.0004760151	17.7625	17.4942	-1.19353865784042
977	0	0.705285027297214	0.7412791	0.0009392534	17.71512	17.41145	-1.0631098283019
978	0	0.718506952817552	0.7209302	0.0007164283	17.56988	17.19321	-1.06114825459376
979	0	0.711987551883794	0.7238372	0.0005052299	17.67501	17.3383	-1.05177855269482
97	0	0.700986608373933	0.7412791	0.000830771	17.63002	17.31439	-0.924257411761784
980	0	0.671801989502274	0.6511628	0.000794686	17.30319	17.03748	-0.744772752394264
981	0	0.66415074528195	0.6424419	0.0005934378	17.10671	17.01285	-0.713300922887356
982	0	0.736349143600091	0.747093	0.0006833271	17.80116	17.58366	-1.26707675106725
983	0	0.65822137540672	0.6947674	0.0007556835	17.34032	17.08555	-0.927073542841371
984	0	0.697292328602634	0.7122093	0.0005543407	17.8033	17.4724	-1.43007316133203
985	0	0.705662522092462	0.7180233	0.0006949539	17.74354	17.41162	-1.36305007220541
986	0	0.700759224989451	0.6773256	0.0008133974	17.63145	17.24787	-0.898845360544396
987	0	0.702527858619578	0.7383721	0.0005295527	17.63535	17.32196	-1.17420669666506
988	0	0.650968116265722	0.627907	0.0008763494	17.19289	17.09824	-0.635822172829154
989	0	0.746164811355993	0.7412791	0.0006850354	17.8249	17.56613	-1.27237503546353
98	0	0.748804996185936	0.7645349	0.0004924088	17.75722	17.46226	-1.26589741704378
990	0	0.721332754474133	0.7238372	0.0007081738	17.78178	17.41828	-1.31916639696282
991	0	0.724266763078049	0.7034884	0.0005778063	17.7717	17.47647	-0.930472939604988
992	0	0.723072639224119	0.6831395	0.0007243605	17.62572	17.28163	-0.863448192943851
993	0	0.704542562365532	0.7267442	0.000642255	17.65681	17.24333	-0.871027037356424
994	0	0.741454355162568	0.747093	0.0008496899	17.83071	17.59119	-1.21962310632574
995	0	0.717492708214559	0.7151163	0.0006808628	17.71765	17.342	-1.10337378428322
996	0	0.711635914049111	0.7122093	0.0006333237	17.67021	17.3203	-1.12184802743319
997	0	0.654789608367719	0.6627907	0.0007418471	17.37878	16.98157	-0.492478333524457
998	0	0.737105327611789	0.7587209	0.0005348371	17.86405	17.55556	-1.53389631790133
999	0	0.682752112788148	0.6453488	0.0006109905	17.52569	17.23817	-1.02581921161211
99	0	0.677686407417059	0.6656977	0.0009090664	17.61459	17.31296	-0.854323610977364
9	0	0.664905573544093	0.6744186	0.0006011525	17.59349	17.22082	-0.984564320595945
