seed	s	m	bene_prop	var_prop	median_tract	mean_tract	iDAT_score
1000	0	0.713707086956129	0.6889535	0.0004763221	17.85333	17.55338	-1.11275180924471
100	0	0.717998323682696	0.7063953	0.0006102263	17.70422	17.48473	-1.14930243655451
101	0	0.697299807262607	0.6773256	0.0005247915	17.73178	17.42602	-0.835670691955157
102	0	0.709132204391062	0.7267442	0.000559284	17.78592	17.48061	-0.955941167192014
103	0	0.671924240607768	0.6511628	0.0005416198	17.59527	17.36186	-0.791460441937407
104	0	0.680623232596554	0.6831395	0.0006360056	17.70367	17.34112	-0.962513039423851
105	0	0.660834418679588	0.6976744	0.0005791042	17.58168	17.27347	-0.818192989503897
106	0	0.722464151890017	0.7238372	0.0005259161	17.78633	17.54046	-1.22567323289929
107	0	0.700919697969221	0.6686047	0.0005673826	17.72718	17.37707	-1.15095883349921
108	0	0.70718218635302	0.6802326	0.0005425639	17.77668	17.41131	-0.959084970069651
109	0	0.669960676552728	0.6569767	0.0007721421	17.60496	17.30141	-0.617238391798839
10	0	0.724383023497648	0.7063953	0.0006634369	17.79425	17.51302	-1.12538546487376
110	0	0.690334434062242	0.6744186	0.0004738268	17.73042	17.49204	-0.834787576720138
111	0	0.744919182336889	0.7819767	0.0005906772	17.79927	17.50094	-1.4117007973256
112	0	0.700197140872479	0.6802326	0.000601538	17.79344	17.49542	-1.01076600064991
113	0	0.73359775422141	0.7965116	0.0005244338	17.83512	17.56989	-1.42656914893602
114	0	0.656297877035104	0.6656977	0.0004091482	17.63053	17.21172	-0.649124306466916
115	0	0.663834562664852	0.7383721	0.0005292729	17.75903	17.47734	-0.935529677786371
116	0	0.66219835781958	0.6540698	0.0006014675	17.62438	17.29499	-0.841585218627709
117	0	0.675614096061327	0.6802326	0.0004860824	17.68506	17.34254	-0.673563733226489
118	0	0.682910645962693	0.6976744	0.0006046228	17.70782	17.4533	-0.923894236000118
119	0	0.675229207379743	0.6889535	0.0005145645	17.73618	17.48211	-1.21349438501024
11	0	0.660364290769212	0.6395349	0.0006428997	17.67497	17.40901	-0.902975018255418
120	0	0.67853832996916	0.6482558	0.0006963233	17.73236	17.33211	-0.696083576192581
121	0	0.654352576076053	0.6540698	0.0005644272	17.70899	17.39148	-0.818323245302103
122	0	0.695916057541035	0.747093	0.0008758242	17.67024	17.34848	-0.781857845515429
123	0	0.705422049202025	0.6744186	0.0005100606	17.69703	17.34939	-0.820330267661618
124	0	0.689733397820964	0.6831395	0.0007036178	17.6872	17.37109	-1.10525651275527
125	0	0.680154924560338	0.6598837	0.000662807	17.76135	17.44429	-0.641233063331855
126	0	0.741248782048933	0.744186	0.0004840748	17.89043	17.61987	-1.2373566678545
127	0	0.674925449537113	0.6773256	0.0008815529	17.67484	17.37763	-0.717560615709117
128	0	0.665565724927001	0.7238372	0.0008766915	17.63137	17.2725	-0.853834250139822
129	0	0.725197426858358	0.7674419	0.0004988559	17.93653	17.66379	-1.2555153775591
12	0	0.658145601768047	0.6918605	0.0006324124	17.63871	17.23439	-0.678181611059933
130	0	0.656390374340117	0.6656977	0.0004553115	17.61131	17.23765	-0.746313293008295
131	0	0.656282830866985	0.6424419	0.0003933954	17.57966	17.16831	-0.708884093379344
132	0	0.691876312159002	0.6773256	0.0006920863	17.74814	17.37614	-0.664518520214267
133	0	0.680414593475871	0.6569767	0.0007822689	17.68169	17.3049	-1.00381661648963
134	0	0.701302808546461	0.6802326	0.0004571525	17.74491	17.37346	-0.951260764100122
135	0	0.703373216139153	0.7238372	0.0006304825	17.73734	17.42558	-1.09137804252736
136	0	0.732894377759658	0.7790698	0.0006259782	17.75575	17.56294	-1.06888922442417
137	0	0.66100729429163	0.6802326	0.0005868703	17.66049	17.22502	-0.633794666531567
138	0	0.706782879028469	0.6686047	0.0004565513	17.7308	17.42925	-0.874158417250605
139	0	0.699989226204343	0.6947674	0.0005073145	17.73489	17.42817	-0.815450950686831
13	0	0.692487029405311	0.7238372	0.0005251351	17.77132	17.4256	-1.11675308610554
140	0	0.70409433352761	0.7034884	0.0007428668	17.77023	17.45378	-0.994499090666618
141	0	0.655196377192624	0.6918605	0.0007149116	17.63751	17.35283	-0.722034753938536
142	0	0.702537731314078	0.6831395	0.0004589499	17.75777	17.48756	-0.879569937476948
143	0	0.706783536332659	0.7180233	0.0004710524	17.77849	17.52579	-1.06277292711197
144	0	0.669536663312465	0.6424419	0.0005999332	17.64243	17.31322	-0.830503752102707
145	0	0.73695804879535	0.7761628	0.0005681057	17.83565	17.52428	-1.02782783389854
146	0	0.746970147942193	0.7238372	0.0006164526	17.76863	17.53221	-1.26319983550052
147	0	0.71921074190177	0.7383721	0.0007384758	17.7738	17.47848	-0.964467142982699
148	0	0.711778236785904	0.7238372	0.000639236	17.79543	17.53746	-1.23870217639677
149	0	0.736661771615036	0.752907	0.0004975774	17.80244	17.526	-1.21142007242699
14	0	0.736147473170422	0.7616279	0.0007290038	17.85275	17.62079	-1.35406288852314
150	0	0.72146456791088	0.7412791	0.0003346902	17.89023	17.61565	-1.5438025760135
151	0	0.718884752504528	0.7180233	0.0004295883	17.86079	17.63699	-1.25006016183735
152	0	0.742189493891783	0.7267442	0.0009125677	17.85853	17.59448	-1.38686270102797
153	0	0.678552077920176	0.6598837	0.0005277289	17.76471	17.49365	-1.24717484225255
154	0	0.682007658295333	0.6715116	0.0005319075	17.71184	17.34194	-0.692624608022875
155	0	0.727467047004029	0.744186	0.0009243379	17.89283	17.60014	-1.20522437090495
156	0	0.738041526312008	0.7354651	0.0006741571	17.85752	17.53283	-1.16991459381079
157	0	0.712876155506819	0.755814	0.0009908345	17.8201	17.52127	-1.02942560269426
158	0	0.661264065420255	0.6947674	0.0008539536	17.63665	17.32131	-0.832922502482216
159	0	0.740485084475949	0.7616279	0.0006450466	17.79798	17.57259	-1.05481469357637
15	0	0.714923302456737	0.7063953	0.0005836064	17.737	17.42901	-0.756143217185462
160	0	0.70195859670639	0.7383721	0.0007736604	17.67334	17.36245	-0.955062910467638
161	0	0.665918386681005	0.6569767	0.0005007076	17.72936	17.33546	-0.900193421541483
162	0	0.658131928392686	0.6686047	0.0006419041	17.62481	17.30979	-0.958904435512495
163	0	0.686525323521346	0.6104651	0.000600211	17.64527	17.35216	-0.722501977091626
164	0	0.673714161873795	0.6947674	0.0007242469	17.74496	17.43399	-0.945781419425881
165	0	0.740081521775574	0.7674419	0.0004994049	17.83224	17.4977	-1.0059378820164
166	0	0.674925417476334	0.6656977	0.0005183268	17.73233	17.41488	-1.06176724272753
167	0	0.666999436542392	0.6569767	0.000760471	17.52128	17.07329	-0.497160579496628
168	0	0.699758952739648	0.7063953	0.0003759426	17.68279	17.43779	-0.882934714151917
169	0	0.718959071324207	0.7063953	0.0006072595	17.7196	17.31664	-0.421471637889122
16	0	0.692113785934634	0.6831395	0.0005857241	17.8219	17.49286	-1.15449559790221
170	0	0.709716170816682	0.6627907	0.0009779705	17.76249	17.52826	-1.16935636928677
171	0	0.66998621718958	0.6947674	0.0006726408	17.72787	17.45664	-0.791453362117457
172	0	0.665299000567757	0.7005814	0.0006354143	17.694	17.38585	-1.0233641116693
173	0	0.667170676612295	0.6918605	0.0006061811	17.67079	17.26996	-0.737429437023498
174	0	0.684646463207901	0.6744186	0.0006271262	17.49705	17.14287	-0.664103402844152
175	0	0.692471055779606	0.6860465	0.0006672991	17.71156	17.35643	-0.816855504004782
176	0	0.700049375230446	0.6627907	0.0005925903	17.6734	17.37763	-0.90576194491743
177	0	0.669319515582174	0.6656977	0.0005095795	17.69859	17.3317	-0.697398364071102
178	0	0.706938817421906	0.6802326	0.0006963219	17.7966	17.54051	-0.99790504021524
179	0	0.686635750369169	0.6802326	0.0004999394	17.72666	17.34112	-0.912969324999267
17	0	0.683086177334189	0.6831395	0.0005332359	17.68888	17.3673	-1.05102747496807
180	0	0.700302431010641	0.6947674	0.0007168904	17.73183	17.44533	-1.02157880650105
181	0	0.678130188165233	0.6627907	0.0009346314	17.7105	17.39858	-1.00953732082396
182	0	0.741239813738503	0.7325581	0.000778234	17.79885	17.41092	-1.09763467760332
183	0	0.701423511770554	0.7093023	0.0007880455	17.66407	17.35601	-1.07342876565864
184	0	0.71017612980213	0.7354651	0.0005177413	17.84864	17.55628	-1.33473609164461
185	0	0.689888337929733	0.6569767	0.0007406683	17.75501	17.4059	-0.912725193279278
186	0	0.692342642205767	0.7122093	0.0005762485	17.73879	17.41382	-1.12199461112538
187	0	0.660743608721532	0.6598837	0.0004939251	17.73434	17.41418	-0.866454885814163
188	0	0.726787917478941	0.7587209	0.0005277647	17.88731	17.61422	-1.28835842203575
189	0	0.724063243647106	0.7209302	0.0004913699	17.75985	17.45111	-0.906766588742692
18	0	0.658840534603223	0.6744186	0.0006980037	17.77412	17.40647	-0.933099225348458
190	0	0.73959635400679	0.7238372	0.0005063252	17.87645	17.55933	-1.20413022601247
191	0	0.736536045279354	0.7209302	0.0005548998	17.85417	17.61182	-1.2182179287695
192	0	0.686986383749172	0.6802326	0.0005701457	17.79038	17.51042	-0.931756138710174
193	0	0.746916682878509	0.7296512	0.0005100088	17.86711	17.61087	-1.15341349235228
194	0	0.697124613728374	0.6744186	0.000363131	17.75309	17.41845	-0.878998757221356
195	0	0.699842702131718	0.6860465	0.0006237864	17.86068	17.55417	-1.27806373929851
196	0	0.678764789784327	0.7122093	0.0005760786	17.72887	17.41475	-1.01249745243358
197	0	0.70713376889471	0.6773256	0.0005767343	17.67712	17.31235	-0.936136903566047
198	0	0.650858329958282	0.6511628	0.0006065171	17.59867	17.22409	-0.733866210207078
199	0	0.652999890595675	0.6453488	0.000987116	17.63415	17.3559	-0.85260289149619
19	0	0.711869638855569	0.7325581	0.000558964	17.87024	17.48742	-0.919086582933284
1	0	0.73628103195224	0.7325581	0.0004655948	17.80626	17.5599	-1.3425137807189
200	0	0.72750692316331	0.7325581	0.0005686957	17.80578	17.48302	-0.970363676754298
201	0	0.739279656042345	0.7296512	0.0006142098	17.84915	17.53334	-1.66004629557713
202	0	0.663668624544516	0.6744186	0.0007005796	17.54252	17.18133	-0.712115755141099
203	0	0.749121400993317	0.7180233	0.0004298019	17.80823	17.57147	-1.2439310260735
204	0	0.744134804117493	0.7325581	0.0008707079	17.81918	17.54742	-0.987268846800338
205	0	0.670579780661501	0.7063953	0.0004579824	17.5873	17.21567	-0.581095829112093
206	0	0.680270851333626	0.6540698	0.0007640867	17.73025	17.44771	-0.957896194950658
207	0	0.730862270318903	0.7209302	0.0003982642	17.86433	17.5854	-1.36456427464522
208	0	0.740594913996756	0.6976744	0.0005566658	17.9317	17.71978	-1.26566942366732
209	0	0.726259569940157	0.752907	0.0004602064	17.82056	17.48822	-1.1236531572175
20	0	0.742308512236923	0.7383721	0.0004506788	17.84782	17.59299	-1.17500200404875
210	0	0.718318680138327	0.747093	0.0006419339	17.76068	17.48116	-1.08592803762001
211	0	0.671453701052815	0.7005814	0.000996906	17.69776	17.40733	-0.930350720069339
212	0	0.674393552006222	0.6918605	0.0005512384	17.68764	17.41689	-0.946303228845238
213	0	0.707494839071296	0.6744186	0.0007283964	17.74423	17.4752	-1.13288389931063
214	0	0.746495790523477	0.7296512	0.0005099328	17.90083	17.63307	-1.16585090885545
215	0	0.685364567674696	0.6395349	0.0009426937	17.68429	17.39095	-0.774485119175592
216	0	0.65091638835147	0.6715116	0.0007481544	17.62802	17.24892	-0.553461624990791
217	0	0.654121488379315	0.6453488	0.000521234	17.7084	17.4648	-1.00487003375811
218	0	0.673832432623021	0.6773256	0.000477806	17.70446	17.35451	-0.860325676828376
219	0	0.688363281777129	0.7063953	0.0006497304	17.73505	17.37273	-0.984185366643373
21	0	0.732045580889098	0.744186	0.0007038765	17.76409	17.55494	-1.1587045769786
220	0	0.736251897434704	0.752907	0.0006446782	17.9249	17.58772	-1.4173120444162
221	0	0.748939241003245	0.7209302	0.0007244993	17.81303	17.61695	-1.2005812850168
222	0	0.66409716270864	0.6686047	0.0008073826	17.61394	17.24638	-0.592212969981281
223	0	0.681450097169727	0.7122093	0.000639756	17.67709	17.42929	-0.8920450882293
224	0	0.723529618862085	0.6889535	0.0007025838	17.82278	17.51064	-1.09318603914498
225	0	0.729201489547268	0.6918605	0.0005684399	17.83247	17.48663	-0.98488482555011
226	0	0.701005549868569	0.6773256	0.0005637493	17.82276	17.51128	-1.04941193424643
227	0	0.730601234454662	0.7790698	0.0005562224	17.8326	17.61711	-1.09271516421432
228	0	0.706011791038327	0.6860465	0.0009854945	17.70187	17.44782	-0.811228342421284
229	0	0.684708446939476	0.627907	0.0005875142	17.69101	17.38556	-0.974736413507284
22	0	0.669055468961597	0.6831395	0.0006281368	17.77551	17.45025	-0.896590867745103
230	0	0.74031683721114	0.7267442	0.0004253157	17.73892	17.50921	-1.38347939115139
231	0	0.74289982416667	0.7267442	0.0004542796	17.76983	17.50555	-1.20586887861304
232	0	0.689560356829315	0.6395349	0.000658757	17.761	17.51035	-1.10052451599279
233	0	0.662087866663933	0.6366279	0.0008361343	17.60249	17.24519	-0.928175748503381
234	0	0.684724051808007	0.6889535	0.0006012494	17.78001	17.40788	-0.926457162685735
235	0	0.704215142689645	0.7063953	0.0009262372	17.65576	17.33019	-1.12712297877338
236	0	0.675182924396358	0.6715116	0.0005085631	17.70731	17.45877	-1.0646969013473
237	0	0.719040575204417	0.7412791	0.0005174762	17.68371	17.3842	-1.05913020918067
238	0	0.699587571225129	0.7238372	0.0006064081	17.78501	17.52404	-1.14218711398629
239	0	0.703729371167719	0.7180233	0.0006597496	17.68411	17.43183	-0.780060058177779
23	0	0.715405043028295	0.7034884	0.0005589698	17.83689	17.55993	-1.03007266911166
240	0	0.718125754059292	0.6744186	0.0008296691	17.73225	17.42812	-0.908380120934227
241	0	0.747914153430611	0.7645349	0.0005483454	17.97327	17.73836	-1.60700213455895
242	0	0.661637753038667	0.6511628	0.0006188183	17.68789	17.34335	-0.806083194607699
243	0	0.712999450345524	0.6744186	0.0005244212	17.75491	17.54181	-1.28918900166081
244	0	0.687124361237511	0.6453488	0.0006867892	17.63683	17.28045	-0.761404052158624
245	0	0.717633432592265	0.7296512	0.0004298766	17.77907	17.50148	-1.25935697482925
246	0	0.689744354714639	0.7209302	0.0006125714	17.69345	17.43521	-1.01016274566395
247	0	0.709205256146379	0.6976744	0.0006087734	17.7796	17.47942	-1.22937352692254
248	0	0.659807192650624	0.6831395	0.0005480735	17.6955	17.346	-0.754644885884303
249	0	0.744284365605563	0.7703488	0.0004838461	17.93038	17.637	-1.24377586517958
24	0	0.657419152418152	0.6162791	0.0005630279	17.607	17.26285	-0.851800638819197
250	0	0.663186879083514	0.6773256	0.0006399841	17.58926	17.27285	-0.763439029059044
251	0	0.682184389396571	0.6976744	0.0006160237	17.66489	17.36386	-0.917134777190614
252	0	0.678107621707022	0.7209302	0.0006345727	17.73172	17.4883	-0.798967413471527
253	0	0.697905396390706	0.6860465	0.0007823675	17.71388	17.34102	-0.857171599936585
254	0	0.718574310629629	0.75	0.0007269338	17.88705	17.55437	-1.02771783304869
255	0	0.671809077984653	0.6598837	0.0006279211	17.73718	17.49093	-0.940347337233986
256	0	0.685872573941015	0.6569767	0.0008818438	17.78073	17.43724	-0.881907757649099
257	0	0.706422559102066	0.6802326	0.0006663458	17.83334	17.50804	-1.12497532950663
258	0	0.674489460862242	0.7238372	0.0006153698	17.74116	17.39558	-0.855485969158735
259	0	0.726041931682266	0.7790698	0.0007287705	17.7999	17.52987	-1.18685674317069
25	0	0.715663052978925	0.6569767	0.0005441088	17.79967	17.538	-1.28283590731882
260	0	0.681642520055175	0.6453488	0.0007479677	17.73735	17.3966	-0.825358055775217
261	0	0.672710444172844	0.6424419	0.0006774729	17.74766	17.29576	-0.686440622954916
262	0	0.736334689799696	0.752907	0.0005687009	17.94906	17.66358	-1.32667268217038
263	0	0.74896423057653	0.7267442	0.0008669907	17.9078	17.65276	-1.34670381336901
264	0	0.661285858531483	0.6744186	0.0008802912	17.65375	17.25605	-0.864107783886107
265	0	0.689307068707421	0.7354651	0.001199405	17.7058	17.29309	-0.549149704884851
266	0	0.724251554696821	0.7412791	0.0004712366	17.88422	17.55284	-1.34408950728257
267	0	0.6511910345871	0.6773256	0.0007326667	17.58942	17.2192	-0.537077821642651
268	0	0.713737887353636	0.6395349	0.0005858503	17.79546	17.44458	-0.883720261543832
269	0	0.692525720130652	0.7034884	0.0007023262	17.74692	17.45859	-0.982228720037588
26	0	0.720979298907332	0.7296512	0.0004333578	17.80257	17.53438	-0.954205251586274
270	0	0.690612438996322	0.6831395	0.0004961536	17.72463	17.36569	-0.978107940261881
271	0	0.706269907881506	0.7034884	0.0005692759	17.73855	17.39502	-0.949527035573911
272	0	0.72485996549949	0.752907	0.0006685289	17.87491	17.56999	-1.15098124912614
273	0	0.684074746491388	0.6918605	0.0008463216	17.67247	17.29224	-0.877316131931736
274	0	0.668211280251853	0.7267442	0.0008707	17.76522	17.43158	-0.848741331490577
275	0	0.660472300485708	0.6831395	0.0006890884	17.77109	17.47628	-0.950905040624864
276	0	0.655870274524204	0.6802326	0.0008044412	17.66895	17.27597	-0.948488557297954
277	0	0.691506711789407	0.7005814	0.0008687756	17.72027	17.40742	-0.897280166119742
278	0	0.714585603168234	0.7151163	0.0006679679	17.77145	17.44216	-1.05317959585713
279	0	0.710082053206861	0.6773256	0.0005146392	17.7839	17.51894	-1.07771145921903
27	0	0.684126976388507	0.6395349	0.000826899	17.67921	17.31278	-0.705357648502203
280	0	0.670168056897819	0.6976744	0.0004502581	17.67066	17.30341	-0.685025291901784
281	0	0.66563227174338	0.6889535	0.0008642246	17.64924	17.29428	-0.948073597507758
282	0	0.692309504142031	0.7005814	0.0007177399	17.77273	17.49379	-0.883282964047744
283	0	0.719589248788543	0.7209302	0.0005263571	17.81553	17.54501	-1.20961282149756
284	0	0.650568796158768	0.6715116	0.0008910797	17.48112	17.14177	-0.590603741572574
285	0	0.743484014971182	0.7761628	0.0005680243	17.83308	17.56319	-1.2447489924084
286	0	0.732254444202408	0.7093023	0.0005599743	17.8415	17.5681	-1.04459097499613
287	0	0.723264078842476	0.6598837	0.0006605864	17.87816	17.60031	-1.22304947956873
288	0	0.664553380827419	0.6482558	0.0005617801	17.71475	17.37777	-0.910404499580541
289	0	0.656371973268688	0.6453488	0.0007443044	17.6655	17.36295	-0.810011858200792
28	0	0.694691727403551	0.6773256	0.0006676753	17.73577	17.40765	-0.828204853308466
290	0	0.722305886959657	0.6976744	0.0006870815	17.83818	17.54349	-1.21119072798105
291	0	0.729074037563987	0.6773256	0.0006480917	17.85455	17.64225	-1.42742841402012
292	0	0.715960105205886	0.7267442	0.00074385	17.85398	17.5475	-1.231657936297
293	0	0.700506472541019	0.7005814	0.000637368	17.76508	17.49465	-0.885508516709122
294	0	0.738284526113421	0.7674419	0.0005611222	17.81197	17.60192	-1.29189991426373
295	0	0.726912024687044	0.7122093	0.0006447529	17.77074	17.56923	-1.24421626911227
296	0	0.737653466570191	0.744186	0.0004274061	17.80786	17.53234	-1.07099196453224
297	0	0.679844313301146	0.6656977	0.0006475848	17.71475	17.34034	-0.978540229448062
298	0	0.667416752269492	0.630814	0.0006889091	17.65623	17.29738	-0.672844118695375
299	0	0.652073331363499	0.6686047	0.0006260109	17.57945	17.28906	-1.01940121534282
29	0	0.72260406082496	0.7093023	0.0005270401	17.80796	17.52331	-1.10132716870109
2	0	0.737095925561152	0.755814	0.0006015616	17.75239	17.5118	-1.14918339786951
300	0	0.674372567073442	0.6337209	0.0006586424	17.64735	17.25257	-0.562154605305978
301	0	0.661047559510917	0.6976744	0.0005134544	17.38626	17.14386	-0.819409481373544
302	0	0.656971511314623	0.6569767	0.0006549303	17.48341	17.20203	-0.760247264812931
303	0	0.702926097880118	0.6831395	0.0006867152	17.80626	17.53084	-0.955896998004191
304	0	0.743658313248307	0.7151163	0.0008609729	17.88554	17.69387	-1.44661923789154
305	0	0.725092212972231	0.747093	0.0004103788	17.82971	17.59996	-1.23856122233185
306	0	0.723188219708391	0.7063953	0.0005307566	17.77116	17.55866	-1.25818274938856
307	0	0.669553998904303	0.6453488	0.0005787782	17.63484	17.30327	-0.917302104001375
308	0	0.650023385509849	0.6337209	0.0008977698	17.59042	17.22607	-0.422057420906517
309	0	0.68458828649018	0.6686047	0.0007576109	17.82198	17.55235	-1.43816754947834
30	0	0.706464161258191	0.6773256	0.0005740767	17.80424	17.49524	-1.22635368392252
310	0	0.681354084634222	0.6918605	0.0004232945	17.66594	17.34064	-0.993498885070149
311	0	0.693035208899528	0.7063953	0.0004018109	17.74542	17.49884	-0.759652365711427
312	0	0.732835188275203	0.7819767	0.0005672981	17.81038	17.60666	-1.11863824650294
313	0	0.734482631389983	0.7267442	0.0005851306	17.80525	17.58342	-1.47590374896386
314	0	0.693375749653205	0.6802326	0.0006209362	17.79132	17.42842	-1.13911875539048
315	0	0.732434401102364	0.755814	0.0005544288	17.79067	17.42635	-1.13592077080599
316	0	0.669096081564203	0.7063953	0.0008464736	17.66191	17.38322	-0.66621726983507
317	0	0.740271224989556	0.7703488	0.0005824341	17.88449	17.64907	-1.61189370767542
318	0	0.72428922932595	0.7063953	0.0005029051	17.69725	17.37264	-0.890900620720924
319	0	0.736442610458471	0.7383721	0.0006530526	17.80933	17.50866	-1.31227468856161
31	0	0.675742161460221	0.7005814	0.0008559364	17.72503	17.38806	-0.755969809604314
320	0	0.679826122662053	0.6918605	0.0006247303	17.73084	17.35059	-0.73503770260032
321	0	0.741492464765906	0.7209302	0.0005980396	17.82848	17.54445	-1.09600972513929
322	0	0.681358414236456	0.6424419	0.0006043969	17.7167	17.42821	-1.19212683487354
323	0	0.650503488210961	0.6569767	0.0006213181	17.16569	17.01805	-0.513016138431864
324	0	0.673785473708995	0.6860465	0.0007111145	17.63639	17.24406	-0.837847281921859
325	0	0.732761593093164	0.7296512	0.0006172333	17.81829	17.54996	-1.0975624500422
326	0	0.732907136832364	0.7674419	0.0004280996	17.79985	17.50845	-1.12258647247103
327	0	0.69933225333225	0.7296512	0.0007059228	17.77702	17.44603	-0.949337424254648
328	0	0.683533364650793	0.7093023	0.00060913	17.79789	17.5504	-1.13558937154877
329	0	0.67909915568307	0.6918605	0.0007227268	17.69815	17.41532	-0.818032907809431
32	0	0.744874601671472	0.752907	0.0005723686	17.80182	17.52552	-1.43326358311331
330	0	0.746451152348891	0.752907	0.0004119643	17.82498	17.54189	-1.24171927333621
331	0	0.693769780476578	0.6424419	0.0007249442	17.67599	17.37916	-0.870583052937412
332	0	0.745510603231378	0.7674419	0.0006026435	17.87748	17.52086	-1.22448309442066
333	0	0.683420983678661	0.7063953	0.0006003579	17.74315	17.39323	-0.611358549118058
334	0	0.674835632392205	0.6831395	0.0007240667	17.62432	17.34504	-0.791328674623652
335	0	0.661848533130251	0.6656977	0.0008525899	17.68191	17.37201	-0.907620771312441
336	0	0.701931163622066	0.7325581	0.0005401122	17.67464	17.40581	-1.00659355455223
337	0	0.699555246299133	0.7354651	0.0006471713	17.77361	17.41265	-1.1494723674971
338	0	0.746578427311033	0.7180233	0.0005855835	17.79916	17.48275	-1.16300696486701
339	0	0.703328771376982	0.6976744	0.0006294096	17.77566	17.54217	-1.06091394609923
33	0	0.707398635870777	0.6802326	0.0006585166	17.63087	17.3012	-0.96710245582599
340	0	0.726886934158392	0.7325581	0.0004904669	17.7367	17.45275	-1.18453662813599
341	0	0.712204192602076	0.6860465	0.0004009971	17.75792	17.5022	-1.05117513510057
342	0	0.699071016954258	0.6947674	0.0007228982	17.74826	17.45756	-1.15938761169875
343	0	0.687912180623971	0.6889535	0.000897502	17.73756	17.33926	-0.725568712125253
344	0	0.724832339584827	0.7209302	0.0007214861	17.78298	17.52578	-0.924263836266061
345	0	0.696120898379013	0.6773256	0.0005388129	17.78888	17.47618	-0.849559639514462
346	0	0.66441430922132	0.619186	0.0007516553	17.71578	17.40192	-0.888066175140792
347	0	0.69547476421576	0.6773256	0.0006393038	17.7171	17.45901	-0.902109728498804
348	0	0.652000986132771	0.6715116	0.0004629107	17.59471	17.15779	-0.526592180994464
349	0	0.748829143377952	0.7645349	0.0004832436	17.83527	17.57517	-1.02606504246695
34	0	0.686663561011665	0.7122093	0.0006798151	17.72753	17.34777	-1.01003485786726
350	0	0.703461629687808	0.7209302	0.0005280094	17.71113	17.47152	-1.16537313647216
351	0	0.679901395295747	0.6802326	0.0006121651	17.81358	17.52699	-1.17933177062576
352	0	0.71114272037521	0.7238372	0.0006994349	17.64148	17.27507	-0.40538701987225
353	0	0.717144127655774	0.6831395	0.0005811625	17.86119	17.57116	-1.27949918693896
354	0	0.678070752765052	0.6773256	0.0007633835	17.80261	17.45746	-1.04404267238843
355	0	0.678065409045666	0.6889535	0.0006646478	17.70121	17.42876	-1.02824068601698
356	0	0.740066604828462	0.7005814	0.0004302792	17.79634	17.57752	-1.27456204342762
357	0	0.743308438500389	0.755814	0.000624125	17.93858	17.7041	-1.35003820200385
358	0	0.65243877498433	0.6686047	0.0006910872	17.61839	17.28846	-0.844175869057236
359	0	0.694696381688118	0.6482558	0.0006212539	17.68512	17.36673	-0.965212575177552
35	0	0.681392193073407	0.7063953	0.0005513048	17.67157	17.30034	-0.848790656079474
360	0	0.74759336609859	0.7093023	0.0004616608	17.90859	17.60464	-1.4179212127062
361	0	0.728225774271414	0.7645349	0.0004661115	17.76743	17.47051	-1.03120450647312
362	0	0.65842765273992	0.6511628	0.0009577994	17.69477	17.32021	-0.960284884292769
363	0	0.656232588388957	0.625	0.0005985589	17.74426	17.40961	-0.695657150498242
364	0	0.697432911372744	0.6976744	0.0007105434	17.74224	17.40605	-0.869473779498678
365	0	0.663575271004811	0.6482558	0.0005407125	17.67157	17.36018	-0.878469679138379
366	0	0.745148093043827	0.755814	0.0003883176	17.81942	17.57742	-1.35534687108556
367	0	0.652339613763615	0.6744186	0.0009128698	17.70913	17.34801	-0.786965348812782
368	0	0.694437694246881	0.7093023	0.0005422136	17.78515	17.39609	-1.0631525862039
369	0	0.711137138190679	0.7005814	0.0007006824	17.70262	17.38638	-1.00170029921403
36	0	0.684841886395589	0.7209302	0.000612365	17.69335	17.3145	-0.895321870352919
370	0	0.655824170121923	0.6860465	0.000509268	17.6817	17.38868	-0.726925558723306
371	0	0.708010087860748	0.7209302	0.0006008409	17.70489	17.4345	-0.835519449390939
372	0	0.676562583935447	0.7209302	0.00061195	17.70851	17.39424	-0.946911315961813
373	0	0.65311810974963	0.7151163	0.0008260217	17.59806	17.33528	-0.857874184297351
374	0	0.698262719600461	0.6569767	0.0005185204	17.68507	17.29776	-0.749612168927734
375	0	0.74191354943905	0.7267442	0.0006762473	17.82401	17.58728	-1.12568406664517
376	0	0.701931342436001	0.6337209	0.0007317165	17.64133	17.357	-0.791654964943664
377	0	0.724092843616381	0.7354651	0.0009101151	17.76854	17.54392	-1.08124482971903
378	0	0.677185404044576	0.7034884	0.0005525732	17.65044	17.27197	-0.750487900829102
379	0	0.694481846597046	0.6598837	0.000849347	17.78918	17.46918	-1.03927501841346
37	0	0.740692870109342	0.7645349	0.000505452	17.81444	17.58546	-0.985305563500656
380	0	0.743325922125951	0.6831395	0.0007306845	17.80154	17.5085	-1.2027409702333
381	0	0.748839338845573	0.7761628	0.0006752086	17.87466	17.6171	-0.919995910067144
382	0	0.687899850774556	0.6860465	0.0006005369	17.60098	17.2444	-0.555884706802467
383	0	0.73312763159629	0.752907	0.0005363251	17.8835	17.62978	-1.28887334895212
384	0	0.715447379415855	0.7122093	0.0007871983	17.91528	17.68053	-1.42463422034816
385	0	0.680690171150491	0.6947674	0.0008048005	17.7193	17.38723	-0.785367130198968
386	0	0.727350677619688	0.7645349	0.000848664	17.72246	17.38046	-0.926411387590717
387	0	0.71653190900106	0.7267442	0.000538815	17.84822	17.55533	-1.30049967534357
388	0	0.660923856077716	0.625	0.0006272925	17.57766	17.24165	-0.778254121852426
389	0	0.707808550912887	0.7180233	0.0007309296	17.75437	17.43337	-1.04552987532214
38	0	0.665511658485048	0.6860465	0.0007740682	17.61824	17.339	-0.715607719517095
390	0	0.720296474103816	0.7180233	0.0007184374	17.72717	17.44973	-1.26983445543905
391	0	0.744186049536802	0.744186	0.0004305713	17.84492	17.57753	-1.34073462359177
392	0	0.738191156182438	0.6918605	0.0007323529	17.82145	17.56789	-1.14452733727057
393	0	0.680940208234824	0.7034884	0.0004422874	17.66665	17.37739	-1.00649071094294
394	0	0.713690864830278	0.744186	0.000659738	17.67593	17.34976	-0.901066411927003
395	0	0.738893797574565	0.755814	0.0006220057	17.8677	17.62511	-1.28215095724726
396	0	0.697347873053513	0.6686047	0.0008326072	17.734	17.29648	-0.747487702916335
397	0	0.736303510377184	0.7819767	0.0005877786	17.80663	17.5227	-0.89275185351596
398	0	0.716555027174763	0.7034884	0.0007206664	17.6942	17.47016	-1.40947392377574
399	0	0.696678410191089	0.6889535	0.0006005427	17.80663	17.54718	-1.08194283225302
39	0	0.692078181472607	0.6860465	0.0007799425	17.73507	17.44483	-0.894070030047081
3	0	0.74198180839885	0.6744186	0.0006891517	17.87051	17.67357	-1.47316443169386
400	0	0.692621920048259	0.6773256	0.0004600758	17.71032	17.38491	-1.0092505823459
401	0	0.735437725111842	0.7906977	0.0005877412	17.80254	17.52156	-0.945323598168509
402	0	0.715427024895325	0.7354651	0.0004516587	17.82805	17.53247	-1.01145019541754
403	0	0.702083117724396	0.6976744	0.000469797	17.78941	17.45847	-0.953130793570255
404	0	0.653767435182817	0.6540698	0.0005681419	17.58848	17.24313	-0.572480549321517
405	0	0.735171856917441	0.7238372	0.0004777037	17.7539	17.40534	-0.987809279906126
406	0	0.687407143088058	0.7093023	0.0006963337	17.63228	17.3678	-0.858587363250376
407	0	0.743369974195957	0.6889535	0.0007250876	17.89969	17.64538	-1.39353806573744
408	0	0.711076998827048	0.6744186	0.0005598604	17.66681	17.34869	-0.7686010106196
409	0	0.668513508560136	0.6889535	0.0004940154	17.49065	17.17757	-0.819446032352832
40	0	0.693707911437377	0.7093023	0.0003960017	17.73821	17.40207	-0.873711403379807
410	0	0.707515504932962	0.6831395	0.0005478574	17.80417	17.49736	-1.11117611489289
411	0	0.683753358293325	0.7122093	0.00058251	17.64072	17.38622	-0.717871223982195
412	0	0.654721019417048	0.6627907	0.0006862218	17.5891	17.23651	-0.64536156509489
413	0	0.650504995835945	0.7238372	0.0009628979	17.56081	17.24164	-0.58227970330893
414	0	0.716358084138483	0.755814	0.000527332	17.72121	17.41504	-0.842695054845945
415	0	0.712328073964454	0.7151163	0.0007584018	17.77622	17.51887	-0.889032738890813
416	0	0.734658513125032	0.7209302	0.0007748476	17.8486	17.56946	-1.11797813902306
417	0	0.738974116742611	0.7296512	0.0006044858	17.77	17.5625	-0.955507748769315
418	0	0.68330304666888	0.6395349	0.0007983025	17.69244	17.31842	-0.872697647804498
419	0	0.685891930083744	0.6773256	0.0007984825	17.71462	17.37914	-0.870830820440029
41	0	0.660014149011113	0.6715116	0.0005554509	17.61976	17.29653	-0.698372050792382
420	0	0.675875725946389	0.6773256	0.0006671936	17.68022	17.29464	-0.70980826515429
421	0	0.680558608099818	0.75	0.0005357369	17.66292	17.39516	-0.749599175570988
422	0	0.719610415236093	0.7005814	0.0006837082	17.79594	17.51275	-0.898048992374444
423	0	0.657603716873564	0.6482558	0.0008854088	17.67494	17.2864	-0.896710916364422
424	0	0.675174120999873	0.6656977	0.000742949	17.76715	17.43742	-1.14143691613151
425	0	0.732542496011592	0.7122093	0.0004646624	17.88712	17.57533	-1.1026308669393
426	0	0.706070630252361	0.7093023	0.0003819026	17.74914	17.37576	-0.681737400999448
427	0	0.747448049392551	0.7063953	0.0005280994	17.89585	17.62462	-1.2532638232328
428	0	0.650687263975851	0.6453488	0.0004432057	17.53709	17.17361	-0.720265115466455
429	0	0.69645465798676	0.7238372	0.0007332622	17.90021	17.58746	-1.19104167241094
42	0	0.671549770794809	0.6860465	0.0006746086	17.68826	17.33881	-0.537559006153408
430	0	0.698432086012326	0.6598837	0.0007071216	17.6634	17.34874	-0.857589817717219
431	0	0.699162694625556	0.6831395	0.0006881611	17.78078	17.46149	-1.0157687870012
432	0	0.682611067476682	0.7005814	0.0005281555	17.71952	17.24373	-0.643571499877638
433	0	0.709503306285478	0.7267442	0.0005338745	17.71896	17.39034	-1.16792271364712
434	0	0.696787484479137	0.7093023	0.0007003717	17.82605	17.52704	-1.03889225776535
435	0	0.731622666283511	0.744186	0.0005247785	17.84339	17.59756	-1.1604772600273
436	0	0.67234049285762	0.6773256	0.0005274184	17.65883	17.33794	-0.872590993512428
437	0	0.665041707851924	0.6424419	0.0006991877	17.69285	17.26827	-0.798452927575526
438	0	0.693705174210481	0.7034884	0.0005656735	17.68325	17.36986	-0.899016458233634
439	0	0.708748388336971	0.6802326	0.0006063399	17.80408	17.54474	-1.14534638036051
43	0	0.706785145495087	0.6773256	0.0006217843	17.81143	17.47371	-1.17085338250497
440	0	0.715518181351945	0.6540698	0.001066215	17.78854	17.39532	-0.717517731323192
441	0	0.666456028958783	0.6715116	0.0005287744	17.70031	17.32052	-0.759299905002694
442	0	0.73208160654176	0.6860465	0.0007172614	17.73733	17.43915	-1.03081535651761
443	0	0.679265997326002	0.6395349	0.0004849307	17.63563	17.33477	-0.66855987749501
444	0	0.68915678660851	0.7063953	0.0008515232	17.70632	17.31456	-0.817924829200337
445	0	0.651628906652331	0.627907	0.0008695706	17.41282	17.2381	-0.54549155624709
446	0	0.726753907953389	0.6947674	0.0005908393	17.86341	17.51074	-0.983957644489719
447	0	0.653909814008512	0.6947674	0.0006981544	17.58502	17.31592	-0.928287307025538
448	0	0.740294017130509	0.7674419	0.0005027031	17.92376	17.69498	-1.25045851217714
449	0	0.719910348323174	0.7238372	0.0007361141	17.82606	17.52449	-1.12082227299468
44	0	0.679725653375499	0.7180233	0.0006334439	17.8229	17.51381	-1.00489868001107
450	0	0.706476247427054	0.6947674	0.0004631386	17.76259	17.53867	-1.10179981597451
451	0	0.665937403892167	0.6482558	0.0005258968	17.66477	17.40103	-0.825218025411353
452	0	0.728266185568646	0.7063953	0.0006056045	17.81354	17.55337	-1.07254741602879
453	0	0.731390737998299	0.7180233	0.0007194957	17.90226	17.71475	-1.49399305808546
454	0	0.744756608828902	0.755814	0.000378654	17.84154	17.51949	-1.21135001066161
455	0	0.714949655416422	0.6947674	0.000696643	17.82043	17.55559	-0.863367281343931
456	0	0.711816464783624	0.7093023	0.0007288843	17.80573	17.49397	-1.07965762696806
457	0	0.722228355519474	0.7296512	0.0004630224	17.7987	17.57688	-1.06725103073086
458	0	0.680720479646698	0.6947674	0.0009718163	17.69908	17.46508	-0.863288375669772
459	0	0.690936083928682	0.7238372	0.0004291729	17.749	17.46859	-1.11090152019212
45	0	0.671481937589124	0.6598837	0.000967975	17.70811	17.3045	-0.736915605426816
460	0	0.710980732529424	0.7063953	0.0004733511	17.71422	17.36686	-0.930434255365575
461	0	0.652502098097466	0.6569767	0.0006759479	17.74869	17.44079	-0.741956274790446
462	0	0.672200702130795	0.6802326	0.0005202298	17.62246	17.2392	-0.864477220103344
463	0	0.675110555021092	0.6511628	0.0008211195	17.67456	17.2554	-0.951903087431666
464	0	0.653471662383527	0.6133721	0.0008802796	17.64995	17.35637	-0.701440200153973
465	0	0.711760862451047	0.7063953	0.0007022119	17.68573	17.34316	-1.00129607097663
466	0	0.740342084760778	0.7296512	0.0004957123	17.84351	17.58265	-1.17894628407129
467	0	0.69965569912456	0.7412791	0.0003880074	17.73658	17.35917	-1.12573893037994
468	0	0.672723758034408	0.6918605	0.0005568029	17.73924	17.46901	-0.899771755866225
469	0	0.73583759823814	0.7383721	0.0007435866	17.81724	17.56955	-1.37511025739847
46	0	0.654330467875116	0.6046512	0.0009732506	17.68359	17.35755	-0.619483072095668
470	0	0.661468540295027	0.7063953	0.0006782169	17.66203	17.20147	-0.651442261401524
471	0	0.686263998481445	0.6569767	0.0005644025	17.6954	17.39245	-0.897324645740319
472	0	0.660956405242905	0.6598837	0.00055844	17.71834	17.41745	-0.791188544319669
473	0	0.71789462713059	0.7093023	0.0003920884	17.71684	17.42142	-1.03921867075037
474	0	0.716802460048348	0.6918605	0.0006007783	17.66824	17.34405	-0.951011748229783
475	0	0.656540627521463	0.6656977	0.000664761	17.70022	17.38906	-0.838999938489486
476	0	0.737220801413059	0.7122093	0.0006360792	17.959	17.77006	-1.25938678391574
477	0	0.726279844343662	0.7034884	0.0007112461	17.82938	17.56419	-1.48006719993614
478	0	0.744471917045303	0.7965116	0.0006481798	17.88058	17.69513	-1.40677889778561
479	0	0.737475423514843	0.7412791	0.0006191805	17.85134	17.55828	-1.25891799000563
47	0	0.673502475162968	0.7005814	0.0007410704	17.71481	17.36762	-0.758673304346853
480	0	0.720926403347403	0.7151163	0.0006815562	17.72513	17.50792	-0.949598067616489
481	0	0.663849865715019	0.6947674	0.001051628	17.57043	17.21971	-0.83422005210206
482	0	0.684610319579951	0.6918605	0.0003669692	17.7898	17.46754	-1.05848156935584
483	0	0.680747154005803	0.6947674	0.0003782094	17.67282	17.31397	-0.765170251595806
484	0	0.749176888470538	0.7296512	0.0004280756	17.84552	17.59685	-1.31674351969807
485	0	0.666711734049022	0.6802326	0.0007989698	17.65858	17.32352	-0.974718895889946
486	0	0.72665711150039	0.6976744	0.0007744931	17.79823	17.4974	-0.925228616847642
487	0	0.748251748085022	0.75	0.0005223675	17.89253	17.62292	-1.36324646620023
488	0	0.709980731084943	0.7412791	0.000422645	17.85907	17.57134	-1.48613521530101
489	0	0.721676189918071	0.6686047	0.0006863207	17.80626	17.52853	-1.21742148319208
48	0	0.674057986098342	0.6947674	0.000841965	17.67086	17.25489	-0.664881993778883
490	0	0.714672274584882	0.7005814	0.000554901	17.7909	17.46946	-1.14860248798587
491	0	0.702234201319516	0.7412791	0.0009217328	17.86717	17.48913	-1.11344002699266
492	0	0.680027327477001	0.6831395	0.0005019266	17.72105	17.44444	-1.08140627901075
493	0	0.656144519848749	0.630814	0.0009178692	17.64641	17.2369	-0.642653296193046
494	0	0.732785636465996	0.7354651	0.0004583393	17.83226	17.5666	-1.14059254024189
495	0	0.678642385988496	0.6598837	0.0004751439	17.60363	17.24161	-0.930893578818371
496	0	0.716037642676383	0.6744186	0.0007504802	17.70624	17.40016	-0.972812402137208
497	0	0.669182791770436	0.6366279	0.0008955008	17.7652	17.47647	-0.83577107102758
498	0	0.745418286020868	0.6976744	0.0005868759	17.8593	17.65839	-1.452465453874
499	0	0.68815124288667	0.7383721	0.0007680753	17.57836	17.25016	-0.675470953630253
49	0	0.728639779589139	0.7412791	0.000708431	17.84437	17.54515	-1.00714808473311
4	0	0.737483363039792	0.7383721	0.0004583163	17.7544	17.52485	-1.01012988926119
500	0	0.650027480302379	0.6046512	0.0006914641	17.60752	17.24576	-0.658417803578307
501	0	0.736621026531793	0.75	0.0004899619	17.77524	17.55689	-0.953093897649828
502	0	0.705095761688426	0.7093023	0.0004547709	17.80227	17.50969	-1.09501812663826
503	0	0.678993209032342	0.6627907	0.0007031397	17.69615	17.43198	-0.840221663449564
504	0	0.678005819278769	0.7063953	0.0005466009	17.64962	17.29804	-0.738539732898306
505	0	0.663208503439091	0.6395349	0.0005952847	17.64468	17.31697	-0.690471414458307
506	0	0.664481511781923	0.7122093	0.0007753365	17.64622	17.33988	-0.826785112571279
507	0	0.698838461888954	0.6744186	0.000611387	17.75457	17.49445	-0.969366141063425
508	0	0.669263613363728	0.6889535	0.0007948385	17.63734	17.3277	-1.09140274360211
509	0	0.721091347374022	0.7587209	0.0006582286	17.78123	17.53171	-0.905405959060752
50	0	0.670184506941587	0.6598837	0.0005206136	17.62804	17.22598	-0.641682648922063
510	0	0.727153028408065	0.7267442	0.0005128567	17.75077	17.45463	-0.89197965466379
511	0	0.68831277161371	0.6744186	0.000530657	17.68571	17.49286	-1.0691672771606
512	0	0.704814742598683	0.7151163	0.0007124163	17.75878	17.38776	-0.719595501805891
513	0	0.706119992071763	0.6831395	0.0005517677	17.70565	17.3591	-0.805364254469468
514	0	0.703445635433309	0.7005814	0.0005764924	17.76393	17.41749	-0.952319932027527
515	0	0.684242989704944	0.6424419	0.0006635611	17.75575	17.42359	-0.84826758903023
516	0	0.702076174016111	0.7180233	0.0009045048	17.72313	17.37191	-0.8740026080335
517	0	0.702921311580576	0.6860465	0.0004138095	17.83229	17.51774	-0.911991396312694
518	0	0.652197237801738	0.6627907	0.0005267197	17.68982	17.28325	-0.515130269967349
519	0	0.657133975042962	0.6337209	0.0006028098	17.6438	17.31739	-0.915696827364752
51	0	0.69799450612627	0.747093	0.0006043005	17.82251	17.66673	-1.28005421997089
520	0	0.739376607746817	0.7296512	0.0005949635	17.89914	17.69917	-1.39068191209828
521	0	0.711208634311333	0.7238372	0.0004794815	17.8082	17.52233	-1.2888548102809
522	0	0.729194440296851	0.7354651	0.0005176855	17.71814	17.43451	-1.08151297141429
523	0	0.655948547972366	0.6802326	0.0007131985	17.66995	17.15713	-0.699842766605328
524	0	0.728553479560651	0.7180233	0.0005593102	17.82994	17.59487	-1.12945199429549
525	0	0.749149734317325	0.7267442	0.000436535	17.75852	17.49774	-0.988179945944441
526	0	0.654679414839484	0.6598837	0.001000811	17.68807	17.38201	-0.673807009180042
527	0	0.712601321912371	0.6976744	0.0007247781	17.77377	17.53936	-1.16767031378918
528	0	0.709784581535496	0.7063953	0.0004452629	17.7135	17.36776	-0.845434929993074
529	0	0.678197156172246	0.6744186	0.0007053429	17.72481	17.31974	-1.08212195755247
52	0	0.713126021344215	0.7267442	0.0005377845	17.73556	17.39285	-0.941937738290147
530	0	0.730090626515448	0.7354651	0.0006017943	17.92797	17.6816	-1.48250532621583
531	0	0.7109929546481	0.7151163	0.0007042392	17.75212	17.62683	-1.22301422470037
532	0	0.679669203911908	0.7180233	0.0007598363	17.7191	17.43339	-0.896081584844952
533	0	0.710949104302563	0.7267442	0.0005221132	17.78125	17.51849	-1.03856301668006
534	0	0.667484283237718	0.6569767	0.0006654234	17.61558	17.26025	-0.983397983227445
535	0	0.683661702089012	0.6947674	0.0004847487	17.66342	17.33364	-0.92247594449967
536	0	0.670932610379532	0.6395349	0.0005760666	17.56513	17.28753	-1.04692798015409
537	0	0.693132482585497	0.6686047	0.0007403734	17.73265	17.43482	-1.08080810727231
538	0	0.680013434751891	0.6686047	0.0006478912	17.78131	17.45267	-0.986843734015464
539	0	0.686402481677942	0.6424419	0.0009405046	17.67856	17.32085	-0.660469577275697
53	0	0.664393658307381	0.6540698	0.0005034654	17.66276	17.26265	-0.914635023984488
540	0	0.728461484913714	0.752907	0.0007441706	17.81859	17.56355	-1.25085473531224
541	0	0.669839705619961	0.6424419	0.0006854612	17.70198	17.42121	-0.823441292307714
542	0	0.695347141218372	0.7034884	0.0005310287	17.80035	17.49378	-1.10032508135536
543	0	0.699403060926124	0.6918605	0.001032878	17.83887	17.54394	-1.15199594153542
544	0	0.698330804170109	0.7093023	0.0004422643	17.69286	17.38189	-1.03673207452342
545	0	0.747368299285881	0.7383721	0.0007449571	17.83464	17.55828	-1.56035357188884
546	0	0.721467964956537	0.7354651	0.0006237468	17.76054	17.52266	-1.13831278674495
547	0	0.73760641249828	0.7674419	0.0004713314	17.8535	17.58904	-1.28449157062731
548	0	0.654725737590343	0.6889535	0.0008531378	17.57683	17.27356	-0.915528325975839
549	0	0.74755660649389	0.7848837	0.0005175054	17.78973	17.51817	-1.13830008270669
54	0	0.746769536915235	0.7412791	0.0005241377	17.8272	17.66655	-1.51167065698557
550	0	0.66236885972321	0.6715116	0.0004555295	17.75146	17.44549	-0.942849332361669
551	0	0.67496407290455	0.6453488	0.001127289	17.70968	17.40833	-0.855357867333752
552	0	0.733620665385388	0.7412791	0.0005511165	17.8701	17.60287	-1.29863286515411
553	0	0.654781670449302	0.6831395	0.0006959418	17.57685	17.2869	-0.858565390482567
554	0	0.665218837652355	0.6686047	0.0005204057	17.67867	17.34458	-0.921793487730749
555	0	0.719111599819735	0.7238372	0.0005858734	17.77268	17.48173	-1.0934417664665
556	0	0.682936744345352	0.6686047	0.0007998161	17.77076	17.42687	-1.12242882491948
557	0	0.710069837141782	0.6656977	0.0005343708	17.83901	17.58103	-1.41300497537467
558	0	0.719999597873539	0.7209302	0.000626804	17.79097	17.48702	-1.24556956231013
559	0	0.736521473154426	0.7412791	0.000438106	17.86362	17.59266	-1.37395553301713
55	0	0.710933152260259	0.7034884	0.0005708297	17.68985	17.39029	-1.07470254079115
560	0	0.671080406522378	0.6802326	0.0007092376	17.68173	17.30316	-0.656137119502851
561	0	0.733497803402133	0.7034884	0.0006926769	17.81272	17.51555	-1.36941119436979
562	0	0.679336874675937	0.7238372	0.0004674519	17.68462	17.34652	-0.855540190484202
563	0	0.734847431536764	0.7994186	0.0009497527	17.79453	17.56386	-1.36351009652384
564	0	0.650432896218263	0.6802326	0.0008840917	17.63885	17.36703	-0.817919168513024
565	0	0.738715696660802	0.7180233	0.0005773894	17.88094	17.69078	-1.26164936707323
566	0	0.659479670482688	0.6511628	0.0006192665	17.75454	17.45916	-0.862632663013158
567	0	0.654361373162828	0.627907	0.0008650181	17.62393	17.2285	-0.704946131237328
568	0	0.736158328596503	0.752907	0.0004561223	17.88128	17.63637	-1.34603677333492
569	0	0.657567210681737	0.6598837	0.0008265385	17.72528	17.39371	-0.907512504475186
56	0	0.742923429934308	0.7325581	0.0006371153	17.99464	17.72157	-1.31652759575325
570	0	0.715046706655994	0.7005814	0.0005888002	17.81221	17.4582	-0.970406608332316
571	0	0.716311407578178	0.6889535	0.0008771072	17.77692	17.60538	-1.24381112712567
572	0	0.747988393274136	0.7674419	0.0003281925	17.9451	17.66647	-1.61340372092726
573	0	0.732230081805028	0.7616279	0.0005664972	17.85365	17.61135	-1.1468814277169
574	0	0.694678708561696	0.7354651	0.0006742725	17.70598	17.38932	-0.883478695385498
575	0	0.710051750554703	0.7238372	0.0005757598	17.75814	17.50957	-1.00599257917458
576	0	0.748834463092498	0.744186	0.0004943458	17.86925	17.56069	-1.0389327537133
577	0	0.711634293361567	0.6976744	0.0005397115	17.82362	17.5759	-1.36613165627297
578	0	0.656492532207631	0.6715116	0.0007411242	17.42447	17.23266	-0.855674553773708
579	0	0.713277984410524	0.7005814	0.0005577544	17.7035	17.36009	-0.847696972798746
57	0	0.71942171533592	0.7587209	0.0005482987	17.83349	17.53925	-1.48997376362096
580	0	0.729408194334246	0.7238372	0.0006695273	17.7442	17.51968	-1.14355707818134
581	0	0.735087678604759	0.7587209	0.0006163708	17.87831	17.60417	-1.41804073167836
582	0	0.653209375916049	0.6569767	0.0005033004	17.70931	17.33107	-1.07780385527369
583	0	0.719762839470059	0.7354651	0.0006565664	17.76311	17.49659	-0.871872473273288
584	0	0.667319453787059	0.6133721	0.0007883293	17.65515	17.2816	-0.895976389497253
585	0	0.689309443184175	0.7063953	0.0005584737	17.79083	17.52095	-0.902065501877753
586	0	0.728554678987712	0.7616279	0.0005891174	17.75142	17.44468	-1.08895224084145
587	0	0.66533099510707	0.6424419	0.0006705668	17.62278	17.22751	-0.565041797258809
588	0	0.681215323740616	0.6686047	0.0006780343	17.73826	17.43052	-1.13912680300968
589	0	0.656533326231875	0.6889535	0.000917097	17.6289	17.28683	-0.709651078567501
58	0	0.69794278293848	0.6627907	0.0007765705	17.77276	17.54365	-0.885473317169157
590	0	0.721502737142146	0.6976744	0.000590125	17.94181	17.63939	-1.36876379224264
591	0	0.657198911858723	0.6511628	0.0005107487	17.74065	17.36806	-0.795961361869585
592	0	0.726489854766987	0.7093023	0.0005854214	17.91951	17.69794	-1.29698418893878
593	0	0.709212834853679	0.7180233	0.0008112868	17.70025	17.42418	-1.11128152578803
594	0	0.722117708949372	0.7034884	0.0006732516	17.9812	17.72197	-1.57689612318744
595	0	0.716834052256308	0.7325581	0.0005549697	17.67206	17.43719	-1.11951966582104
596	0	0.696548317745328	0.7122093	0.0006826143	17.7336	17.40864	-0.776028494285128
597	0	0.711460784822702	0.6831395	0.0006224108	17.8183	17.50926	-1.17051531196984
598	0	0.721466575493105	0.7761628	0.0005570211	17.78502	17.49727	-0.99331940736628
599	0	0.689630693243817	0.7122093	0.0005711213	17.60192	17.31133	-0.795613218279741
59	0	0.701148092909716	0.6947674	0.00063385	17.67619	17.33998	-1.05949653029783
5	0	0.7140704783611	0.7296512	0.00101773	17.74096	17.43213	-1.10926424491417
600	0	0.653574817301706	0.622093	0.0007329575	17.42528	17.12829	-0.677928194493771
601	0	0.676233393303119	0.6802326	0.0005512921	17.64168	17.32268	-0.86052852396318
602	0	0.7448485866189	0.7354651	0.0004519296	17.87824	17.64252	-1.34215136044924
603	0	0.694663267675787	0.7005814	0.0004342192	17.80555	17.54656	-1.13170300973108
604	0	0.697075418592431	0.6773256	0.0008224941	17.73004	17.46778	-1.07146547258174
605	0	0.729741030209698	0.7296512	0.001175544	17.90377	17.61448	-1.38652162723058
606	0	0.657598815253004	0.6831395	0.0004756117	17.73069	17.45409	-0.824160866471598
607	0	0.72281854187604	0.7267442	0.0005226988	17.86778	17.63267	-1.22815644396456
608	0	0.689303738041781	0.6598837	0.0007159609	17.74404	17.46847	-0.881809889481174
609	0	0.696405588369817	0.7093023	0.0006289332	17.74951	17.47535	-1.09986104701807
60	0	0.722731652553193	0.7122093	0.0005203317	17.91341	17.61921	-1.13583748119857
610	0	0.741162376920693	0.7267442	0.0005853481	17.80886	17.50687	-0.905119865711755
611	0	0.693511786987074	0.7354651	0.0005674107	17.82876	17.50065	-1.06683980497974
612	0	0.737762154475786	0.7965116	0.000762261	17.76579	17.59009	-1.28440407504658
613	0	0.651271082484163	0.6598837	0.0005285422	17.72127	17.37697	-0.851370920905716
614	0	0.685498613514937	0.6715116	0.000680422	17.71483	17.40847	-0.899918050624204
615	0	0.681911675003357	0.6453488	0.0006129717	17.73636	17.43146	-1.04575274919539
616	0	0.725043874164112	0.7151163	0.000577069	17.86772	17.58477	-1.37980858484948
617	0	0.664576347940601	0.6860465	0.000474289	17.67311	17.28381	-0.76617124412252
618	0	0.695514970296063	0.6889535	0.0005502965	17.87322	17.57548	-1.11293251577462
619	0	0.734461424150504	0.7209302	0.0005147905	17.74747	17.42564	-1.0636117354983
61	0	0.723403739277273	0.7005814	0.0004712861	17.81235	17.52358	-1.33157432831324
620	0	0.671106435940601	0.6540698	0.0005013819	17.69012	17.37279	-0.69083156001762
621	0	0.663093262258917	0.6831395	0.0006994581	17.60892	17.32268	-0.777808550504904
622	0	0.715354713052511	0.752907	0.0004844742	17.79049	17.53194	-1.210639940856
623	0	0.71018131498713	0.630814	0.0008414819	17.72108	17.42117	-0.874083028531673
624	0	0.739378106454387	0.755814	0.0004866614	17.9373	17.65955	-1.56695173308554
625	0	0.722628634097055	0.7296512	0.0004268071	17.92949	17.70175	-1.45744538282031
626	0	0.654916880256496	0.6482558	0.00076431	17.64546	17.26069	-0.623939579425282
627	0	0.673224863596261	0.6656977	0.0009534546	17.46049	17.20012	-0.751877940094281
628	0	0.663456201460212	0.6424419	0.0008190568	17.59801	17.32149	-0.786098070366532
629	0	0.656618321011774	0.6395349	0.0009191908	17.65271	17.30756	-0.927760090723331
62	0	0.745422927080654	0.8255814	0.0004675694	17.85427	17.61044	-1.55352034869101
630	0	0.716391599318013	0.6860465	0.0005312111	17.76741	17.43207	-0.884774840874186
631	0	0.65003537684679	0.625	0.0005994697	17.57545	17.20306	-0.511593224765163
632	0	0.652760647027753	0.6133721	0.0005260358	17.48367	17.21864	-0.557228204583766
633	0	0.747423920966685	0.7587209	0.0006797157	17.91845	17.58261	-1.40122320470963
634	0	0.652514002146199	0.6569767	0.0005397995	17.67942	17.28367	-0.727376744209408
635	0	0.667370590288192	0.6511628	0.0005494934	17.78052	17.48635	-1.31827507821496
636	0	0.675601235590875	0.625	0.0003811398	17.71326	17.33339	-1.03355695980536
637	0	0.698391454969533	0.755814	0.000678638	17.77536	17.49047	-1.10068286070167
638	0	0.738760211644694	0.7703488	0.0005227574	17.84245	17.62676	-1.44657103328507
639	0	0.706717972154729	0.6860465	0.0005976939	17.84119	17.6198	-1.20879552386162
63	0	0.741618919046596	0.7151163	0.0005895617	17.81594	17.62529	-1.15082122237125
640	0	0.72151887412183	0.7412791	0.0004984466	17.91729	17.69933	-1.54849062272714
641	0	0.744159972830676	0.7877907	0.0005825348	17.87557	17.69925	-1.52978759264822
642	0	0.729927556309849	0.7674419	0.0004773924	17.79459	17.60154	-1.65242127353954
643	0	0.704604106745683	0.7063953	0.0007725662	17.76083	17.44256	-0.985202403623452
644	0	0.728958486672491	0.7238372	0.0005500385	17.78308	17.60067	-1.1846731040759
645	0	0.733557118033059	0.7296512	0.0005409159	17.84722	17.57884	-1.06603515468122
646	0	0.653628415009007	0.6540698	0.0005978673	17.30626	17.12839	-0.670101684201538
647	0	0.670736089698039	0.6627907	0.0005549979	17.68615	17.34103	-0.858937588411193
648	0	0.680403188685887	0.6744186	0.0006366863	17.62632	17.25097	-0.568777287744619
649	0	0.674609031528234	0.6482558	0.0008475358	17.76205	17.42824	-0.897482611135162
64	0	0.678495472180657	0.6918605	0.0005158235	17.72508	17.42932	-0.845839269493336
650	0	0.738443401549011	0.75	0.0005721849	17.67869	17.43988	-1.03795091706465
651	0	0.747078714636154	0.7587209	0.00057624	17.8307	17.53085	-1.02116474394299
652	0	0.682925401278771	0.7122093	0.0006903458	17.76136	17.52404	-1.28644287766203
653	0	0.658369052549824	0.6831395	0.0007406075	17.62126	17.27772	-0.731425081952686
654	0	0.729684540140443	0.7412791	0.00067253	17.87403	17.54536	-1.02126121362476
655	0	0.721049934159964	0.7005814	0.0006547741	17.87718	17.6231	-1.44294934217383
656	0	0.709977927571163	0.6918605	0.0008542884	17.68467	17.36051	-0.793755316104615
657	0	0.687197442445904	0.6860465	0.0006720336	17.80812	17.58357	-1.10155201935125
658	0	0.743745231092907	0.7761628	0.0004667214	17.9227	17.72066	-1.45921833404454
659	0	0.737390219816007	0.7412791	0.0006565705	17.73958	17.45992	-1.20588947794424
65	0	0.675829469389282	0.6656977	0.0005688798	17.72586	17.36006	-0.893393973024888
660	0	0.725930161913857	0.6831395	0.0007705035	17.89567	17.5783	-1.1608439431619
661	0	0.725321229104884	0.6744186	0.0007679669	17.77311	17.44184	-0.888215109185014
662	0	0.746919929725118	0.752907	0.0005676983	17.8426	17.5958	-1.06838866872256
663	0	0.678851655335166	0.6569767	0.0004430915	17.75046	17.55563	-0.911978250786961
664	0	0.73448855553288	0.752907	0.0003835934	17.84205	17.65453	-1.32545041304915
665	0	0.726536394585855	0.7819767	0.0006396849	17.87193	17.59789	-1.11119568582668
666	0	0.734142808523029	0.7645349	0.000634811	17.84742	17.6483	-1.33315970627716
667	0	0.747446148237213	0.7383721	0.0005023108	17.86947	17.63912	-1.34378497712217
668	0	0.663885278999805	0.6482558	0.0004505267	17.65204	17.35397	-0.817039114110281
669	0	0.739000551146455	0.7296512	0.000420985	17.82414	17.60168	-1.45532379536358
66	0	0.674156180396676	0.6947674	0.0005514913	17.59304	17.28486	-0.918005980139269
670	0	0.702121895225719	0.7354651	0.0005748632	17.77098	17.53609	-0.940049277974566
671	0	0.735008295206353	0.7122093	0.0006214101	17.90203	17.6066	-1.37931197662843
672	0	0.673234451469034	0.6715116	0.0006181864	17.59133	17.28853	-0.751957585417228
673	0	0.676258410513401	0.6889535	0.0003848684	17.69738	17.31312	-0.965934954938539
674	0	0.739482036675327	0.7238372	0.0006280494	17.87309	17.6361	-1.30709135335438
675	0	0.671034640073776	0.6773256	0.0006485899	17.53917	17.1934	-0.628360127851935
676	0	0.703168526710942	0.7180233	0.0007810073	17.63279	17.28371	-0.893553056830174
677	0	0.663240486057475	0.6918605	0.001155855	17.65884	17.29633	-0.791417780000796
678	0	0.715444804355502	0.6860465	0.000844543	17.86337	17.59121	-1.21826554269108
679	0	0.747953939437866	0.752907	0.0005270552	18.01354	17.79051	-1.54912574079669
67	0	0.670450343377888	0.6075581	0.0005595007	17.63856	17.29195	-1.08788853220742
680	0	0.742243551835418	0.744186	0.0004484826	17.83975	17.58389	-1.11198979685569
681	0	0.67645607793238	0.6656977	0.000396778	17.66216	17.38061	-1.02889515056057
682	0	0.730282937432639	0.7325581	0.0005940589	17.82656	17.55709	-1.07929439297323
683	0	0.724790816823952	0.6715116	0.0005197223	17.76722	17.53792	-1.07651990399169
684	0	0.735090642096475	0.755814	0.0005450726	17.97941	17.68422	-1.59660568832558
685	0	0.684071771986783	0.7005814	0.0006070909	17.81015	17.50246	-1.15592614429142
686	0	0.699169265152886	0.7034884	0.000497562	17.75542	17.48363	-1.18769042965613
687	0	0.684722765604965	0.6424419	0.0004683233	17.7798	17.44116	-0.947873627069015
688	0	0.676739573455416	0.7325581	0.0006086082	17.74319	17.44513	-0.902430543965721
689	0	0.720772598939948	0.7151163	0.0004977392	17.93867	17.70588	-1.55368068862093
68	0	0.68269125407096	0.7034884	0.0007869534	17.74066	17.39189	-1.08592797048858
690	0	0.665377713693306	0.6569767	0.0005731813	17.79415	17.49178	-1.05640488577835
691	0	0.692287281365134	0.6831395	0.0005921725	17.72087	17.32803	-0.881435642294468
692	0	0.661647939076647	0.6656977	0.0005183848	17.73768	17.41894	-0.754701714594755
693	0	0.670305816084147	0.6511628	0.0007628399	17.57255	17.25725	-0.658609109945716
694	0	0.723670130246319	0.744186	0.0005458557	17.6738	17.39337	-1.13289027640697
695	0	0.731210935837589	0.7325581	0.0007385228	17.8097	17.55591	-1.0409850533977
696	0	0.725134028866887	0.6860465	0.0006805249	17.92882	17.71264	-1.47761117460634
697	0	0.714217879669741	0.7122093	0.0006418161	17.75168	17.47853	-0.993336548550544
698	0	0.706200672429986	0.7180233	0.0005620132	17.78107	17.51853	-1.10480637873939
699	0	0.743196141836233	0.7267442	0.0007165755	17.8815	17.55013	-1.15525347733739
69	0	0.693056608713232	0.7180233	0.0006165595	17.73468	17.39511	-0.881883901825419
6	0	0.695971466531046	0.6947674	0.00056692	17.82045	17.53304	-1.01927460088133
700	0	0.701181431300938	0.7209302	0.0006348607	17.83327	17.56137	-1.22975909244104
701	0	0.653133594430983	0.6744186	0.0006701032	17.67351	17.38026	-0.726898146292685
702	0	0.707302553532645	0.7005814	0.0005262948	17.76904	17.40637	-1.00859810025198
703	0	0.69532591579482	0.6802326	0.0006486293	17.70522	17.37083	-0.904522237003903
704	0	0.666226652008481	0.6046512	0.0007143424	17.61001	17.20543	-0.792425912118962
705	0	0.691021129256114	0.6802326	0.0006559794	17.69915	17.32142	-0.775943814918509
706	0	0.674463760782965	0.6947674	0.0006169308	17.73253	17.37066	-0.785988660275007
707	0	0.653788758232258	0.6976744	0.0007897662	17.69207	17.35947	-0.819803362228718
708	0	0.675899684452452	0.6162791	0.0007252482	17.58564	17.20356	-0.600273588496526
709	0	0.716706629120745	0.7238372	0.0007400206	17.86129	17.63125	-1.39076481162087
70	0	0.713753763143904	0.7587209	0.0004997395	17.84102	17.48842	-1.23685817993799
710	0	0.660553589276969	0.630814	0.0008210834	17.69804	17.33114	-0.781437122731378
711	0	0.709152866574004	0.6918605	0.0006222121	17.7368	17.3581	-0.784813550074761
712	0	0.71061816981528	0.6686047	0.0005342734	17.71975	17.29839	-0.615296436881869
713	0	0.655824151355773	0.6656977	0.0007313558	17.61484	17.26055	-0.823151160544082
714	0	0.677605567802675	0.6918605	0.0008188299	17.72554	17.50518	-1.11081952672402
715	0	0.669244428887032	0.6627907	0.0009507306	17.75855	17.4358	-0.840804347692138
716	0	0.709890782856382	0.7209302	0.0005595358	17.92169	17.58003	-1.37182409891604
717	0	0.738782719359733	0.7034884	0.0004942134	17.99523	17.74439	-1.64537177465084
718	0	0.680350708914921	0.6773256	0.0005503516	17.62486	17.31233	-0.679031969248814
719	0	0.673910550703295	0.6453488	0.0006660093	17.73987	17.37262	-0.690739899025814
71	0	0.716501463553868	0.7151163	0.0004824127	17.76726	17.48811	-1.17758328878915
720	0	0.733456825092435	0.75	0.0006466614	17.82493	17.56312	-1.19215878875367
721	0	0.677161252382211	0.6453488	0.0006041456	17.56661	17.28546	-0.803502665963678
722	0	0.659902511630207	0.6598837	0.0007065849	17.68782	17.34472	-0.804514487197832
723	0	0.718701426079497	0.6947674	0.0006528037	17.82231	17.43238	-0.904770688543664
724	0	0.72568885514047	0.7063953	0.0007118978	17.79299	17.52556	-1.24258695999686
725	0	0.745358692877926	0.7354651	0.0006229225	17.8029	17.52738	-1.11839365437085
726	0	0.737268070108257	0.7325581	0.0005818985	17.90785	17.69584	-1.52737433170177
727	0	0.681156799453311	0.7122093	0.0004965461	17.69606	17.29454	-0.911897892997784
728	0	0.677301846328191	0.7122093	0.000919973	17.62919	17.10109	-0.361966244620174
729	0	0.653319840109907	0.6453488	0.0006590797	17.62299	17.28407	-0.857471465255199
72	0	0.702181177702732	0.6918605	0.0007087738	17.70618	17.39847	-0.797836100057853
730	0	0.715433951676823	0.7383721	0.0005237613	17.80088	17.50047	-1.17455131642651
731	0	0.692578251869418	0.7267442	0.0006074749	17.69908	17.31937	-0.732727144604967
732	0	0.664915187121369	0.6976744	0.0007819828	17.63726	17.27135	-0.776997282137016
733	0	0.65197367623914	0.6511628	0.0004559706	17.63267	17.29738	-0.815272275153376
734	0	0.685075044748373	0.7005814	0.0003806377	17.75058	17.48425	-0.987693624516574
735	0	0.663033586763777	0.6744186	0.0007775304	17.67124	17.31006	-0.73257930283329
736	0	0.697602351056412	0.7238372	0.0007975113	17.7434	17.51115	-0.977791912895978
737	0	0.733383455639705	0.7122093	0.0005055882	17.7909	17.5581	-1.17031333115978
738	0	0.744514175108634	0.7645349	0.0005053297	17.97591	17.67553	-1.22945189811788
739	0	0.719857709971257	0.7180233	0.0005917007	17.7946	17.47383	-0.965399067170058
73	0	0.693477447307669	0.6773256	0.0006398861	17.72726	17.45141	-0.745052193747975
740	0	0.747966874646954	0.7354651	0.0006935629	17.91071	17.58323	-1.49141912507147
741	0	0.662186878290959	0.6569767	0.0005259233	17.66473	17.34693	-1.03671820935237
742	0	0.703015680145472	0.6889535	0.0007221699	17.8266	17.51068	-1.27944922834408
743	0	0.652164756786078	0.6337209	0.000959042	17.58576	17.20798	-0.545907624112026
744	0	0.740932559338398	0.7180233	0.0006632274	17.8749	17.60329	-1.46044300179216
745	0	0.696386705921032	0.7151163	0.000633357	17.75271	17.46202	-0.859234841873923
746	0	0.725119558116421	0.7325581	0.000693931	17.87299	17.62241	-1.27512313626215
747	0	0.725979198026471	0.7703488	0.0005887404	17.76916	17.52207	-0.956243194172072
748	0	0.697537194145843	0.7151163	0.0006793675	17.80655	17.60618	-1.48940796043407
749	0	0.695036556618288	0.6889535	0.0006236424	17.77785	17.53536	-0.973694137961411
74	0	0.720273530134	0.7732558	0.0005805522	17.81673	17.5519	-1.15311677167906
750	0	0.671434541372582	0.6715116	0.0004795818	17.6338	17.2869	-0.731666525193713
751	0	0.69111955370754	0.7209302	0.0004028734	17.68033	17.3709	-0.93169566560398
752	0	0.727696902188472	0.7267442	0.0004863684	17.70616	17.45535	-0.989517343304
753	0	0.696841545868665	0.6744186	0.0004993918	17.76667	17.45697	-0.889430820641692
754	0	0.669157089036889	0.6744186	0.0005618119	17.69201	17.30498	-0.654431065814453
755	0	0.70492726827506	0.6889535	0.0005235189	17.80484	17.50514	-1.05215144769397
756	0	0.69052697927691	0.6744186	0.0004771873	17.64121	17.36309	-0.88931090851841
757	0	0.657901323703118	0.7034884	0.0004197504	17.76251	17.34654	-0.843542794763216
758	0	0.677243485231884	0.6918605	0.0005821246	17.652	17.35432	-1.0043489748236
759	0	0.72839663317427	0.6656977	0.0007600057	17.84031	17.4656	-1.04258467771832
75	0	0.669350219843909	0.6976744	0.0006174327	17.60029	17.18409	-0.666731395606776
760	0	0.654310168954544	0.6686047	0.000806853	17.53963	17.25193	-0.803999083045665
761	0	0.69664914465975	0.7063953	0.000445051	17.72997	17.441	-0.859225555930336
762	0	0.709248673752882	0.7587209	0.0005306747	17.70106	17.3469	-0.754353515667906
763	0	0.741126552503556	0.7645349	0.0006460342	17.92508	17.678	-1.18027051005106
764	0	0.728168143332005	0.7383721	0.0006524947	17.77583	17.59634	-1.13322613282076
765	0	0.680619335127994	0.6744186	0.0005671436	17.74242	17.45564	-0.84438887727426
766	0	0.661061446764506	0.6686047	0.0008421168	17.65503	17.27985	-0.777834698527972
767	0	0.706002826523036	0.6773256	0.0005339489	17.71571	17.394	-1.06046479124179
768	0	0.656001481902786	0.625	0.0004961801	17.56352	17.20879	-0.621508098258494
769	0	0.677299942635	0.627907	0.0008154529	17.75172	17.44932	-0.994890722966232
76	0	0.655813910090364	0.630814	0.0007450865	17.48377	17.17603	-0.475685028109086
770	0	0.666703186766245	0.6715116	0.0005141675	17.74644	17.38179	-1.06553902273553
771	0	0.7154065964045	0.7151163	0.0007033531	17.76247	17.4318	-0.906431423577631
772	0	0.658540729922242	0.7063953	0.0008831236	17.65825	17.35326	-0.883906661651738
773	0	0.706667648488656	0.6395349	0.0009300247	17.74139	17.4137	-0.973161241890809
774	0	0.730009948532097	0.6802326	0.0006121391	17.83286	17.60888	-1.37812594064043
775	0	0.676426730281673	0.6395349	0.0006902399	17.62121	17.30675	-0.866825907412344
776	0	0.701164490985684	0.6889535	0.0007037588	17.72291	17.47637	-1.13437647660414
777	0	0.662744639138691	0.619186	0.0006747359	17.59956	17.2914	-0.81980423078227
778	0	0.682149840914644	0.7005814	0.0006777445	17.68431	17.34646	-0.750132224832377
779	0	0.651505012949929	0.6104651	0.0007646721	17.55439	17.25489	-0.773704289989934
77	0	0.657934928894974	0.6395349	0.0008053536	17.6673	17.34279	-0.432918422077239
780	0	0.674418332264759	0.6947674	0.0005356176	17.6604	17.27792	-0.842692445290857
781	0	0.656034351629205	0.6802326	0.0007168709	17.70059	17.33415	-1.01199688814904
782	0	0.684494421281852	0.6569767	0.0009694001	17.74101	17.46178	-0.753381612207244
783	0	0.701254004309885	0.7063953	0.0006162179	17.71329	17.39301	-1.09282161160605
784	0	0.702688477537595	0.7296512	0.0007499223	17.71513	17.40724	-0.911857415408374
785	0	0.714657380222343	0.6773256	0.0004611857	17.70086	17.41704	-0.885465161987362
786	0	0.727077597402968	0.6889535	0.0004861708	17.81291	17.45643	-1.00609596263486
787	0	0.749633273668587	0.755814	0.000416349	17.78812	17.55371	-0.758821830862691
788	0	0.735267615318298	0.7819767	0.0006588215	17.85766	17.61125	-1.28286522213769
789	0	0.70788083660882	0.7703488	0.0008012913	17.72298	17.46372	-0.884095968100523
78	0	0.723860992630944	0.75	0.0005404983	17.76381	17.51842	-1.23708017464158
790	0	0.664813934313133	0.6569767	0.0004797039	17.70591	17.25697	-0.748048070390787
791	0	0.73941073839087	0.7412791	0.0004252443	17.82012	17.49399	-1.24012082211676
792	0	0.666668829019181	0.6627907	0.001002361	17.73779	17.41924	-0.880612243988008
793	0	0.739311350742355	0.7412791	0.0003808091	17.81885	17.64955	-1.09811576111863
794	0	0.726758361374959	0.7296512	0.0004767021	17.77349	17.47728	-1.1206783296614
795	0	0.676159199769609	0.6918605	0.00070731	17.58129	17.27524	-0.849756245236338
796	0	0.73480484103784	0.7616279	0.0004339824	17.86868	17.67409	-1.23820480994929
797	0	0.716230134759098	0.6889535	0.0006583486	17.70334	17.46086	-1.04441265639058
798	0	0.6795689442195	0.6627907	0.0004842252	17.54462	17.24296	-0.891386300617289
799	0	0.683587105362676	0.7151163	0.0005476954	17.6426	17.30636	-0.568823169073542
79	0	0.671424473496154	0.625	0.0005323955	17.67488	17.29548	-0.543727337709302
7	0	0.693108141282573	0.7209302	0.0007053373	17.79259	17.37719	-0.824205751256007
800	0	0.722424718551338	0.7151163	0.0004889318	17.76117	17.5078	-1.15638010834424
801	0	0.660722904722206	0.6773256	0.0006158682	17.63125	17.29811	-0.799658347687099
802	0	0.676230561384	0.6366279	0.0006235519	17.59425	17.24396	-0.847374907981405
803	0	0.73599517447874	0.7674419	0.0009727248	17.8421	17.55135	-0.897919633086655
804	0	0.728467456670478	0.7238372	0.0006469836	17.95035	17.6633	-1.49095703986634
805	0	0.677487703971565	0.6918605	0.0004912707	17.72784	17.44802	-0.686793454082654
806	0	0.691784899262711	0.7267442	0.0007034564	17.79243	17.53286	-1.17814335471616
807	0	0.718796052760445	0.7325581	0.0006079037	17.80209	17.5592	-1.07100037882886
808	0	0.747825424117036	0.7209302	0.0003978466	17.84121	17.5417	-1.34970007670863
809	0	0.690041382913478	0.6773256	0.0004422686	17.73556	17.38387	-0.720666067922148
80	0	0.663292264961638	0.6162791	0.0005766538	17.75118	17.40897	-0.710091234670017
810	0	0.65563730194699	0.7063953	0.0007746052	17.66454	17.39413	-0.766739783705522
811	0	0.691529779322445	0.6802326	0.0006862279	17.71221	17.40996	-0.918881255669437
812	0	0.6918886491796	0.6598837	0.0006941823	17.71479	17.28074	-1.03562971502998
813	0	0.740368239372037	0.752907	0.0005324382	17.76456	17.5225	-1.01192555309966
814	0	0.743979626218788	0.747093	0.0003352497	17.85831	17.61187	-1.15216209842787
815	0	0.699596820096485	0.7151163	0.0003884926	17.64076	17.27652	-0.912974677614727
816	0	0.677708493568934	0.6569767	0.000656647	17.68637	17.31141	-0.933539345640315
817	0	0.710907974373549	0.6831395	0.0005045802	17.80584	17.52526	-0.945558151521999
818	0	0.741781673696823	0.7151163	0.0008353032	17.79702	17.56839	-1.40695966264188
819	0	0.711400783481076	0.7296512	0.0005074628	17.83258	17.6098	-1.0777771384758
81	0	0.747411722526886	0.7383721	0.0006923341	17.86611	17.64018	-1.45934178648146
820	0	0.688601610949263	0.6976744	0.0007907561	17.76896	17.43252	-0.925311071507645
821	0	0.657106313551776	0.6482558	0.0006668576	17.54507	17.18053	-0.663948465708596
822	0	0.694580707326531	0.6889535	0.0008814123	17.73285	17.40569	-0.929817608888586
823	0	0.663985354965553	0.6424419	0.0009725682	17.72219	17.36896	-0.912742807187765
824	0	0.684093823912553	0.6569767	0.0009390775	17.66841	17.32831	-0.936577143146839
825	0	0.70421946188435	0.6889535	0.0007826081	17.75035	17.4315	-1.02916707924486
826	0	0.682932448456995	0.6918605	0.0005238219	17.7759	17.4374	-0.988915237187214
827	0	0.722462905012071	0.752907	0.0006833132	17.86497	17.53514	-0.939565133933091
828	0	0.672313060075976	0.6831395	0.0006906213	17.66305	17.29179	-0.832998640424867
829	0	0.70247470792383	0.6947674	0.0004479199	17.83737	17.57948	-0.982239357729297
82	0	0.706367178400978	0.6686047	0.0008028152	17.77707	17.55006	-1.17126831458456
830	0	0.686994254705496	0.6395349	0.000974514	17.59512	17.26824	-0.533479975765256
831	0	0.744536598306149	0.752907	0.0006798537	17.8775	17.63118	-1.31775479765878
832	0	0.698730469681323	0.6686047	0.0003990087	17.75115	17.50758	-0.929019569055427
833	0	0.654595486121252	0.6366279	0.0006538689	17.64564	17.23573	-0.65131070761076
834	0	0.659612207487226	0.6831395	0.0006641078	17.69699	17.35042	-0.76715036971362
835	0	0.693713435251266	0.7412791	0.0004569469	17.69646	17.32174	-0.927231759937865
836	0	0.718534204503521	0.7034884	0.0004887189	17.78844	17.47278	-0.968378374640449
837	0	0.674032765766606	0.6511628	0.0004691196	17.6621	17.35759	-0.98174694386398
838	0	0.665011048759334	0.6569767	0.0005546534	17.71554	17.26159	-0.631383466397158
839	0	0.730073387688026	0.7296512	0.0005838849	17.78235	17.46128	-0.847429137624673
83	0	0.696331795467995	0.7063953	0.0005672239	17.75864	17.51503	-1.18776548570294
840	0	0.675368534727022	0.6715116	0.000869116	17.72495	17.42618	-0.843472156024023
841	0	0.676637261733413	0.6773256	0.0007033836	17.64172	17.27364	-0.685447557010082
842	0	0.706486777542159	0.7209302	0.0004768248	17.74075	17.33283	-0.822527317112274
843	0	0.724440985312685	0.7412791	0.0005168633	17.79599	17.50412	-1.01207162300442
844	0	0.711167420516722	0.7151163	0.000495651	17.68208	17.37791	-0.949110758546418
845	0	0.65822193317581	0.6627907	0.0007768686	17.63157	17.13439	-0.70245000019384
846	0	0.660539002437145	0.6773256	0.000809234	17.756	17.53944	-1.03905766073835
847	0	0.735712465178221	0.7383721	0.0006539569	17.87348	17.66566	-1.75787519803094
848	0	0.681585234729573	0.6686047	0.001021068	17.76598	17.52193	-0.853685804486624
849	0	0.698050762549974	0.7412791	0.0004285755	17.72158	17.39084	-0.913482456603442
84	0	0.69587878275197	0.6976744	0.000745994	17.67848	17.33951	-0.983113151438798
850	0	0.673983156192116	0.6453488	0.0007372339	17.61266	17.19833	-0.489681392947799
851	0	0.657708452455699	0.6656977	0.0003355194	17.67498	17.36975	-0.995241918012347
852	0	0.738323792745359	0.7703488	0.0005560244	17.80195	17.52711	-1.16958625227417
853	0	0.739098145184107	0.755814	0.0005795687	17.80072	17.51744	-1.32382666664756
854	0	0.718518365849741	0.7412791	0.0006785204	17.88212	17.59843	-1.26365754761323
855	0	0.705159381986596	0.6569767	0.000525404	17.71615	17.47455	-0.984245124953808
856	0	0.654176842910238	0.6453488	0.0004603873	17.65336	17.33056	-0.746252661751318
857	0	0.733356564631686	0.7209302	0.000551829	17.7814	17.5647	-0.972679257695996
858	0	0.669759311689995	0.6744186	0.0006489857	17.69927	17.31764	-0.903880645456926
859	0	0.70829245254863	0.7005814	0.000548722	17.80315	17.51704	-1.31189497091982
85	0	0.727862975676544	0.7616279	0.0007909463	17.71102	17.44727	-0.941794969370924
860	0	0.745291961892508	0.7412791	0.0007840152	17.87838	17.55482	-1.07348715499025
861	0	0.734079693257809	0.7587209	0.0007377009	17.77157	17.49273	-0.801976663735816
862	0	0.656244976609014	0.6453488	0.0007638243	17.52563	17.21775	-0.884151629218608
863	0	0.661296590021811	0.6773256	0.000598231	17.68188	17.3213	-0.725518580789628
864	0	0.672673030756414	0.6802326	0.0004086021	17.71702	17.32803	-0.718497587494367
865	0	0.72841730080545	0.7267442	0.0006305533	17.74761	17.4605	-1.19911515695724
866	0	0.695275723771192	0.6744186	0.0004194918	17.66639	17.4327	-0.90806028009598
867	0	0.674387331004255	0.7151163	0.0005437137	17.6887	17.41971	-0.990419432631775
868	0	0.7230970045086	0.6947674	0.0004227511	17.73466	17.46605	-0.923173291558528
869	0	0.67455981769599	0.6337209	0.0005383789	17.68452	17.34079	-0.94612411045016
86	0	0.702604901022278	0.6802326	0.0005208462	17.76041	17.52475	-0.997042136794582
870	0	0.699669380881824	0.6831395	0.0004943876	17.74092	17.43561	-0.96559984593585
871	0	0.748170353285968	0.752907	0.0005962361	17.91107	17.6698	-1.55073866131472
872	0	0.727706292341463	0.7209302	0.0005270798	17.85172	17.56186	-1.12107910750044
873	0	0.657628821278922	0.6627907	0.0007865101	17.61561	17.28863	-0.646423815483089
874	0	0.736903560347855	0.75	0.0004487267	17.93445	17.64263	-1.48272048370463
875	0	0.707518523209728	0.7063953	0.0006585919	17.80223	17.45199	-1.06639096697612
876	0	0.746478732046671	0.7383721	0.0003939828	17.858	17.59127	-1.04213610998425
877	0	0.716694066859782	0.7267442	0.0005310131	17.79422	17.522	-1.33100297285997
878	0	0.729991829977371	0.7267442	0.0003964692	17.89172	17.6629	-1.53236072282359
879	0	0.736183688067831	0.7267442	0.0003887682	17.8741	17.58787	-1.31675632877311
87	0	0.659413694031537	0.6482558	0.0007389604	17.65978	17.27772	-0.73225642584253
880	0	0.725744512560777	0.6976744	0.0005078038	17.7623	17.44748	-1.18479979458536
881	0	0.663035740726627	0.7093023	0.0006527315	17.72444	17.43279	-0.975875429341153
882	0	0.659084826963954	0.6133721	0.0004197596	17.74187	17.45792	-0.975085732296853
883	0	0.747713097394444	0.752907	0.0008042293	17.93865	17.7001	-1.53099704428038
884	0	0.741325424355455	0.7383721	0.0005093737	17.79787	17.60508	-1.16973851998608
885	0	0.696294076088816	0.7005814	0.0005705274	17.69217	17.33226	-0.718543144146965
886	0	0.664692334039137	0.6395349	0.0007496973	17.73554	17.31735	-1.14625192463592
887	0	0.719740784098394	0.744186	0.0008232641	17.87256	17.61128	-0.992829171839782
888	0	0.703072746586986	0.7209302	0.0006094348	17.70586	17.46388	-0.789113348781661
889	0	0.725358374253847	0.6860465	0.0004230037	17.76981	17.46575	-1.1178545687396
88	0	0.683362522511743	0.7034884	0.0006638555	17.64618	17.2447	-0.906439400709074
890	0	0.706487579573877	0.7122093	0.0006127485	17.80862	17.48023	-1.09966284668681
891	0	0.720620976691134	0.7238372	0.0005591431	17.76797	17.48377	-1.25165728008062
892	0	0.674868435086682	0.7180233	0.000961514	17.73539	17.38305	-1.17735726924278
893	0	0.668662730325013	0.630814	0.0005521649	17.55232	17.14346	-0.654392625167741
894	0	0.707245504320599	0.7180233	0.0006279733	17.78525	17.47924	-0.986079444706739
895	0	0.650271546910517	0.6569767	0.0006784645	17.63375	17.25961	-0.892481342629865
896	0	0.658323761145584	0.6976744	0.0006720478	17.62541	17.35294	-0.841984510293121
897	0	0.717331651202403	0.7412791	0.000661049	17.87166	17.64116	-1.52818058585274
898	0	0.653169717849232	0.6831395	0.0007201565	17.63727	17.25422	-0.832613356152618
899	0	0.684018176235259	0.6947674	0.0005263202	17.64923	17.352	-0.785184193961076
89	0	0.687278689304367	0.7267442	0.0007131071	17.6009	17.21223	-0.696833007933533
8	0	0.71008900986053	0.6540698	0.0005867513	17.90931	17.60426	-1.43975995959844
900	0	0.665399395371787	0.7151163	0.0007203459	17.60529	17.32527	-0.838209352768178
901	0	0.711180498637259	0.6715116	0.0006864578	17.70013	17.49253	-0.930171177051603
902	0	0.657824355573393	0.7034884	0.0005011546	17.66012	17.36353	-0.744659967036919
903	0	0.667464483343065	0.6773256	0.0006306934	17.60883	17.29887	-0.773291494901097
904	0	0.65736599965021	0.6453488	0.0004687474	17.70822	17.31686	-0.825582463655676
905	0	0.745025314739905	0.7616279	0.0005874108	17.93898	17.6182	-1.28992126888808
906	0	0.749759111367166	0.7325581	0.0006302688	17.89221	17.65746	-1.42446354000071
907	0	0.685351028828882	0.6947674	0.0004326538	17.6623	17.3	-0.750794810431193
908	0	0.664368676673621	0.6656977	0.0007990928	17.71661	17.39748	-1.03511956875975
909	0	0.701369325746782	0.6715116	0.0008629012	17.66804	17.39669	-1.08372648182384
90	0	0.679687564074993	0.7005814	0.0005204486	17.66201	17.3045	-0.950253243169944
910	0	0.686333451233804	0.7122093	0.0005295127	17.80975	17.51814	-1.18425134351974
911	0	0.679469056124799	0.7005814	0.0008742155	17.64626	17.37366	-0.901457770986904
912	0	0.714583983947523	0.7412791	0.0005958086	17.70774	17.47172	-0.892602681773864
913	0	0.704504713206552	0.7180233	0.0006792774	17.74566	17.41384	-1.41919824876803
914	0	0.659203190193512	0.6947674	0.00116184	17.6695	17.28022	-0.945354166102594
915	0	0.682959752692841	0.6656977	0.000716963	17.66414	17.39001	-0.888178294968939
916	0	0.74958405259531	0.7412791	0.0005708137	17.82093	17.52929	-1.20367162425437
917	0	0.74306289718952	0.7325581	0.0005555637	17.8734	17.65958	-1.34635330184284
918	0	0.716497933515348	0.7034884	0.0004890078	17.82176	17.54166	-1.32935838909148
919	0	0.668943873839453	0.6831395	0.00064349	17.64629	17.34401	-0.827480709188741
91	0	0.737471392634325	0.7151163	0.0003936583	17.82677	17.58834	-1.07041668535368
920	0	0.747835087147541	0.7151163	0.0005644264	17.83629	17.60278	-1.35376042181563
921	0	0.73818825406488	0.747093	0.000673058	17.8601	17.66424	-1.34731838216236
922	0	0.692776248045266	0.6598837	0.0005999867	17.77229	17.47559	-0.871094514042534
923	0	0.692647138936445	0.7412791	0.0005599546	17.79607	17.45029	-0.9973339619254
924	0	0.668168515572324	0.7122093	0.001156966	17.70217	17.36816	-0.631978177328268
925	0	0.738683861447498	0.744186	0.0005556747	17.87488	17.68943	-1.5054395841733
926	0	0.66677710628137	0.627907	0.0005289061	17.66608	17.24162	-0.808626859741283
927	0	0.681120546953753	0.6947674	0.0008887462	17.68418	17.26806	-0.823091937856301
928	0	0.695207827165723	0.7325581	0.0005217006	17.72702	17.4126	-0.811500492275631
929	0	0.708589166449383	0.7238372	0.000585468	17.80888	17.58167	-1.21489704381584
92	0	0.698941830964759	0.6627907	0.0007998171	17.71544	17.42257	-0.776516379404227
930	0	0.74544224247802	0.7790698	0.000409552	17.92513	17.66925	-1.59173634294231
931	0	0.654786218842492	0.6773256	0.0008218269	17.66661	17.34346	-0.960831345356405
932	0	0.730065255006775	0.7296512	0.0005218144	17.80668	17.56301	-1.42264820705785
933	0	0.676594843086787	0.6715116	0.0006247796	17.74516	17.43388	-0.9947339252513
934	0	0.718125656200573	0.7383721	0.000524119	17.76595	17.50431	-0.851077226776068
935	0	0.721518016629852	0.75	0.0003975549	17.7779	17.54671	-1.23344296407683
936	0	0.656014719605446	0.625	0.000810292	17.55618	17.30927	-0.970178051068892
937	0	0.675067744869739	0.6802326	0.001104683	17.72059	17.39501	-1.07547466294966
938	0	0.745578395784833	0.7267442	0.0007407097	17.96972	17.74237	-1.86258174179544
939	0	0.731307970965281	0.7296512	0.0004626175	17.9345	17.61172	-1.34280970666058
93	0	0.679135703505017	0.6511628	0.0007244836	17.70603	17.32265	-0.751240371926579
940	0	0.722282999590971	0.7209302	0.0006194675	17.82641	17.53314	-1.51242841952861
941	0	0.7151806689566	0.7296512	0.0006051162	17.73373	17.40659	-0.840156651363141
942	0	0.698091216688044	0.7122093	0.0005544464	17.73442	17.44021	-0.868546431143475
943	0	0.695631291973405	0.7267442	0.0004817781	17.74329	17.43132	-1.11692314762359
944	0	0.713005129992962	0.747093	0.0004527429	17.74485	17.5031	-1.10163432566705
945	0	0.69023992754519	0.6366279	0.0008141137	17.72588	17.40275	-0.773460607112004
946	0	0.669400560297072	0.6540698	0.0006999534	17.73263	17.45968	-1.12469087737716
947	0	0.72510737539269	0.7412791	0.000784357	17.82557	17.64436	-1.76544294832871
948	0	0.695887436415069	0.7122093	0.0006406681	17.76034	17.48687	-1.15280808069088
949	0	0.743137920787558	0.747093	0.0005446671	17.86409	17.55843	-1.19353422061249
94	0	0.744591020816006	0.7616279	0.0005355208	17.99693	17.71334	-1.68553672268407
950	0	0.71046972037293	0.752907	0.000631462	17.81149	17.52819	-1.07108757888768
951	0	0.736708508199081	0.7325581	0.0006688213	17.91017	17.58812	-1.14435112970582
952	0	0.709437067061663	0.7093023	0.0006013854	17.82482	17.62536	-1.17777490405035
953	0	0.710319850710221	0.7034884	0.0003188095	17.75877	17.52087	-1.05712540694779
954	0	0.708010946633294	0.7005814	0.0005130367	17.767	17.5399	-1.01904460291443
955	0	0.669827148318291	0.6337209	0.0006777207	17.68209	17.35936	-0.770815836515292
956	0	0.675913509516977	0.622093	0.0008743982	17.74344	17.35871	-0.739500131764304
957	0	0.747597425361164	0.744186	0.0004139871	17.88341	17.67232	-1.39657973339132
958	0	0.715042236750014	0.7267442	0.0004690098	17.75675	17.52618	-1.10772692717747
959	0	0.714757321309298	0.6831395	0.0007104056	17.6558	17.3118	-0.664436337210402
95	0	0.697172639425844	0.6947674	0.000456435	17.69835	17.38085	-0.850457042585616
960	0	0.675094717880711	0.6569767	0.0004011904	17.60786	17.31741	-0.627654241495245
961	0	0.659429503232241	0.6511628	0.0005594882	17.69539	17.23386	-0.602991661390056
962	0	0.738138555781916	0.7645349	0.0006098969	17.87654	17.62436	-1.46916288979017
963	0	0.712357286899351	0.6860465	0.000671684	17.73613	17.44577	-0.97502141258088
964	0	0.745004560775124	0.755814	0.0006259766	17.79978	17.50285	-1.26533617258877
965	0	0.683448011986911	0.6860465	0.000590756	17.71809	17.33474	-0.736633550418961
966	0	0.729617747431621	0.7412791	0.0006686092	17.78879	17.50235	-1.11949181210364
967	0	0.6884284023894	0.6656977	0.0004492017	17.65625	17.28817	-0.629738764848734
968	0	0.695127617847174	0.6918605	0.0005708226	17.60603	17.31013	-0.682520652636307
969	0	0.740834436542354	0.7034884	0.000663689	17.84088	17.5214	-1.23722834564639
96	0	0.700602438929491	0.6540698	0.001093159	17.73327	17.35694	-0.78421332327365
970	0	0.721698658401147	0.7587209	0.0007730092	17.8516	17.58869	-1.21649639202726
971	0	0.701378527493216	0.7354651	0.000494566	17.73925	17.55578	-1.03579335172092
972	0	0.689219458843581	0.630814	0.0006319261	17.76317	17.35722	-1.1332686022066
973	0	0.663732843613252	0.6889535	0.0004612862	17.68564	17.27489	-0.735182984825445
974	0	0.662709012255073	0.6482558	0.0005696955	17.62659	17.33186	-0.762658417466602
975	0	0.726376655348577	0.752907	0.0009626004	17.85311	17.60744	-1.26644113121596
976	0	0.693465811456554	0.7063953	0.0005817569	17.78204	17.45646	-0.69369507818353
977	0	0.653993986663409	0.6337209	0.0009289208	17.69376	17.33227	-0.729863339283173
978	0	0.650184910441749	0.6976744	0.0005015103	17.5836	17.09296	-0.544403986571454
979	0	0.710528691112995	0.6715116	0.0005494725	17.71976	17.38558	-1.01610123929803
97	0	0.680314279976301	0.6947674	0.0008621193	17.68882	17.31513	-0.727725082651652
980	0	0.720494112093002	0.7151163	0.0004879156	17.72031	17.48263	-1.11668867110679
981	0	0.662886073230766	0.6511628	0.0006194466	17.61475	17.26013	-0.489734858159821
982	0	0.736963047878817	0.7151163	0.0006890425	17.86397	17.61611	-1.53642983107123
983	0	0.652274164813571	0.6046512	0.0005459672	17.65173	17.3328	-1.11310977411176
984	0	0.666799632110633	0.6627907	0.00073198	17.68515	17.4033	-0.842889357024024
985	0	0.66124724750407	0.7093023	0.0007410244	17.59518	17.28188	-0.549022377426349
986	0	0.687038791528903	0.6889535	0.0007047777	17.70189	17.36436	-0.718216168336851
987	0	0.715446373261511	0.7645349	0.0005833636	17.8114	17.56908	-1.16425945113615
988	0	0.661875131865963	0.6424419	0.0006179057	17.50626	17.13916	-0.525207474782743
989	0	0.695375037565827	0.744186	0.0007043353	17.69769	17.39416	-0.972177233906125
98	0	0.669900825968944	0.6162791	0.0006035435	17.73069	17.51307	-0.918803018970663
990	0	0.66690755339805	0.6598837	0.0007531756	17.73169	17.35034	-1.05185283193749
991	0	0.712971934047528	0.7354651	0.000363972	17.84298	17.52705	-1.33718022981466
992	0	0.667494530789554	0.6453488	0.0006137172	17.69063	17.33676	-0.888749485834987
993	0	0.711623372486793	0.7063953	0.0007574567	17.82379	17.58869	-1.2353062624351
994	0	0.69027708673384	0.6831395	0.000686251	17.6306	17.35266	-0.933023742011014
995	0	0.689649895206094	0.7005814	0.0005218918	17.63522	17.31086	-0.990063864459693
996	0	0.728062427369878	0.7063953	0.0005734272	17.85253	17.61919	-1.36396977977511
997	0	0.716935837920755	0.7180233	0.0004908669	17.79624	17.55198	-1.28182027313479
998	0	0.697002990799956	0.6656977	0.0008965135	17.72296	17.36776	-0.603797003311451
999	0	0.738048246572725	0.747093	0.0006325562	17.88078	17.6388	-1.23081384476342
99	0	0.730175525951199	0.7238372	0.0007415626	17.90194	17.629	-1.25615035474269
9	0	0.69178644802887	0.6976744	0.0005730588	17.79763	17.54725	-0.89470363044096
