seed	s	m	bene_prop	var_prop	median_tract	mean_tract	iDAT_score
1000	0	0.691553394822404	0.6976744	0.001938419	17.76505	17.48412	-1.36844937126626
100	0	0.741900711040944	0.7180233	0.001525943	17.92962	17.61749	-1.27866173552875
101	0	0.673346958705224	0.6337209	0.001928281	17.62074	17.29237	-0.638005914867139
102	0	0.748283936385997	0.7761628	0.002043238	17.92255	17.69784	-1.32557980525005
103	0	0.717490691016428	0.7877907	0.001844092	17.97831	17.74908	-1.69691822266896
104	0	0.657116399868391	0.6686047	0.001838406	17.55436	17.27659	-0.552495926603697
105	0	0.737888374365866	0.7674419	0.001023298	17.83419	17.50524	-1.04194493677793
106	0	0.660236993990839	0.6715116	0.002267239	17.54572	17.2419	-0.595318454371957
107	0	0.737624296220019	0.7296512	0.0009728202	17.75614	17.4201	-1.00242158749825
108	0	0.692134269699454	0.7034884	0.001231378	17.65866	17.3347	-0.657588038374536
109	0	0.74493420701474	0.8430233	0.001625873	17.92965	17.69219	-1.35231589654615
10	0	0.704240998928435	0.7383721	0.002001797	17.67238	17.31535	-0.722342190508286
110	0	0.677446114947088	0.6860465	0.001826883	17.73691	17.44424	-1.18723277902278
111	0	0.723246365785599	0.7151163	0.001951276	17.69481	17.4058	-1.11263145157646
112	0	0.707555449707434	0.7151163	0.001243109	17.70298	17.31059	-0.879331760510905
113	0	0.702075020992197	0.6395349	0.002028899	17.81465	17.53167	-0.986047697882381
114	0	0.696995478705503	0.752907	0.001629775	17.89096	17.65199	-1.03103762934747
115	0	0.747415008745156	0.7877907	0.001075495	17.83327	17.56813	-0.705137468035392
116	0	0.671152850892395	0.6918605	0.001699478	17.71506	17.43532	-0.466153565406466
117	0	0.746914078295231	0.7616279	0.001690729	17.86257	17.6554	-1.46809569847466
118	0	0.671594705921598	0.6656977	0.001409706	17.74958	17.27927	-0.766998042673805
119	0	0.747626631730236	0.752907	0.00229141	17.76523	17.47365	-1.47534386901033
11	0	0.701665036077611	0.7063953	0.001611546	17.83795	17.55198	-1.21807196363331
120	0	0.720966739347205	0.7209302	0.001431493	17.86758	17.56333	-1.00728904109366
121	0	0.689972780016251	0.6424419	0.003060712	17.72358	17.30657	-0.778168416791792
122	0	0.710282533220015	0.6482558	0.001189984	17.80981	17.58441	-1.33573517462156
123	0	0.68112433499191	0.744186	0.001515095	17.59664	17.29137	-0.907076410231827
124	0	0.708838218869641	0.6569767	0.001203646	17.8481	17.48444	-1.25472004288893
125	0	0.675732704228722	0.7238372	0.00222097	17.74564	17.53459	-1.3088320434414
126	0	0.724982219003141	0.7005814	0.001403097	17.78745	17.46926	-0.845476759199824
127	0	0.684776446013711	0.622093	0.001645857	17.73399	17.49219	-1.18915829329751
128	0	0.674119372479618	0.752907	0.001439123	17.7361	17.47878	-1.11085750051068
129	0	0.660454594204202	0.6453488	0.001804766	17.31015	17.15106	-0.617224080653274
12	0	0.726971172960475	0.7267442	0.001237005	17.81064	17.47491	-0.920856125657636
130	0	0.676414682576433	0.7645349	0.001569388	17.63914	17.25841	-0.496425764879234
131	0	0.726331923273392	0.7151163	0.001390108	17.93714	17.61252	-1.44350361181561
132	0	0.651969518372789	0.5872093	0.001837954	17.71257	17.38978	-0.815801573996799
133	0	0.726486647850834	0.752907	0.001677017	17.94432	17.66568	-1.68356089421985
134	0	0.6858965102816	0.6889535	0.002255741	17.7896	17.50004	-1.19584824507611
135	0	0.70428961943835	0.7209302	0.001789299	17.90265	17.50953	-1.07060867743601
136	0	0.684972168249078	0.6802326	0.001847728	17.65919	17.26919	-0.354419202801694
137	0	0.706805997528136	0.5581395	0.002646773	16.84176	16.88305	-0.406100785542088
138	0	0.732826600270346	0.6482558	0.002539891	17.57857	17.22685	-0.679444254311141
139	0	0.711043282458559	0.6976744	0.001562921	17.70387	17.44659	-0.885392374405488
13	0	0.693538640812039	0.755814	0.001151283	17.69813	17.43275	-1.16248544655231
140	0	0.720719916466624	0.6686047	0.002789299	17.70295	17.3938	-0.935657832929428
141	0	0.664932818734087	0.7180233	0.002040106	17.74179	17.42837	-0.913000885015529
142	0	0.685826631751843	0.7674419	0.001650637	17.79882	17.48382	-0.763240433369871
143	0	0.736209026351571	0.744186	0.001604297	17.92954	17.58929	-1.34350950481901
144	0	0.691150156734511	0.6889535	0.001197859	17.74545	17.3775	-0.829608182339409
145	0	0.65658935608808	0.6482558	0.00161443	17.6585	17.34988	-0.546263283334863
146	0	0.690491997776553	0.7005814	0.001726025	17.73784	17.3792	-0.808632281798957
147	0	0.73088321313262	0.7383721	0.00216627	17.81403	17.62635	-0.911672847595998
148	0	0.720328976633027	0.7325581	0.001416121	17.71417	17.40905	-1.14709137419311
149	0	0.699403765168972	0.6569767	0.001517902	17.58952	17.32033	-0.538268224010497
14	0	0.656120648561046	0.622093	0.001114252	17.68952	17.47832	-0.879301068469679
150	0	0.735221708472818	0.7325581	0.001526684	17.62569	17.30716	-0.635725960509228
151	0	0.699867982906289	0.6773256	0.001675299	17.80283	17.60919	-0.978870351411166
152	0	0.711971696116962	0.7034884	0.001192646	17.90955	17.63629	-1.52017159573568
153	0	0.668069343920797	0.7122093	0.001809551	17.7165	17.37901	-0.676505378407066
154	0	0.739358845166862	0.7412791	0.0008846889	17.83876	17.586	-1.37841086638982
155	0	0.702915064874105	0.6976744	0.001531546	17.65637	17.35749	-0.685788315107941
156	0	0.729178110323846	0.7267442	0.001106913	17.83582	17.55881	-1.01026483378425
157	0	0.705576910125092	0.7151163	0.002363261	17.76713	17.42893	-0.889061539321065
158	0	0.742294100322761	0.6831395	0.001288745	17.79569	17.61	-1.55454213567107
159	0	0.744180531357415	0.7703488	0.001604978	17.81276	17.52008	-1.02591311879391
15	0	0.703901824308559	0.7180233	0.001304378	17.73867	17.40336	-0.962572752689237
160	0	0.684134245617315	0.6162791	0.002502471	17.50069	17.08589	-0.472591768679684
161	0	0.723330532410182	0.7151163	0.001164889	17.89673	17.68128	-1.55156946816057
162	0	0.705376918055117	0.7267442	0.001494564	17.76665	17.55909	-0.941447833192226
163	0	0.733069428941235	0.7732558	0.001569239	17.79484	17.50903	-1.39648073477703
164	0	0.745095294434577	0.7005814	0.002381649	17.84901	17.52532	-1.08446318741995
165	0	0.703971587400883	0.6744186	0.001062184	17.67466	17.29917	-1.16687856975253
166	0	0.694611397967674	0.7122093	0.002540111	17.70209	17.44372	-1.0950942979725
167	0	0.694017617963254	0.7122093	0.001612398	17.64131	17.2682	-1.06717956496867
168	0	0.69574024467729	0.6976744	0.001057507	17.71293	17.44098	-0.834494138697991
169	0	0.722466444480233	0.7383721	0.001669343	17.94156	17.66901	-1.81120975119541
16	0	0.737872227956541	0.7790698	0.002769795	17.72702	17.41642	-0.847164616548395
170	0	0.696634510112926	0.7325581	0.002329615	17.66969	17.35795	-0.986241958358916
171	0	0.686991474847309	0.6540698	0.001643518	17.76783	17.50097	-0.958267495777759
172	0	0.712074836762622	0.6569767	0.001122078	17.76589	17.52998	-1.11979783500803
173	0	0.732993292086758	0.7034884	0.001841626	17.85687	17.64536	-1.26387891972642
174	0	0.651452900981531	0.6162791	0.002068533	17.62035	17.27724	-0.736846699793202
175	0	0.746483628661372	0.744186	0.001784507	17.99337	17.79641	-1.93988307616226
176	0	0.683333683409728	0.6889535	0.001512498	17.65767	17.43153	-0.989321144729303
177	0	0.694393611187115	0.7703488	0.001576247	17.90249	17.69892	-1.51216588936666
178	0	0.728329868265428	0.6569767	0.001165311	17.82907	17.65974	-1.22248840598854
179	0	0.723559997580014	0.7354651	0.001991808	17.73578	17.41527	-1.0016396959243
17	0	0.712656659865752	0.6889535	0.001096957	17.75484	17.52662	-1.17839843694414
180	0	0.694070234196261	0.6744186	0.001037249	17.64951	17.4147	-0.926456528068291
181	0	0.740113627980463	0.7238372	0.001599681	17.81665	17.60571	-1.36070798847603
182	0	0.687389233824797	0.7354651	0.001045358	17.71455	17.47868	-1.10038930964317
183	0	0.650583438645117	0.5901163	0.001979854	17.47037	17.16349	-0.557012926530873
184	0	0.745457966974936	0.7761628	0.001409831	17.73767	17.44955	-1.3626895840829
185	0	0.675114676449448	0.7383721	0.001106292	17.79774	17.5829	-0.973345481776648
186	0	0.67782783608418	0.7296512	0.001576419	17.54562	17.20146	-0.626141163680034
187	0	0.715343681396917	0.755814	0.001322322	17.24762	17.16634	-0.869713251281384
188	0	0.668951055780053	0.6976744	0.001914638	17.67752	17.30825	-0.586098285159274
189	0	0.650108978385106	0.7412791	0.002585045	17.72188	17.35347	-1.07336080806796
18	0	0.666078049736098	0.6947674	0.002030861	17.66078	17.27609	-0.837221687529557
190	0	0.744983719196171	0.7761628	0.002167949	18.02205	17.70254	-1.56551357313863
191	0	0.739464078051969	0.8226744	0.001652455	17.8183	17.52608	-1.58846557892936
192	0	0.691063170111738	0.7965116	0.001353095	17.8954	17.67996	-1.36723998981034
193	0	0.688611507276073	0.6511628	0.001921723	17.44929	17.13045	-0.500476002871791
194	0	0.66927577923052	0.7703488	0.001088819	17.85418	17.52155	-1.04819409476432
195	0	0.658980362699367	0.7209302	0.00233577	17.59351	17.24005	-0.751791222019019
196	0	0.688766771438532	0.6366279	0.00138726	17.77356	17.53538	-0.945687969442641
197	0	0.678495049080811	0.6889535	0.002296189	17.7598	17.40691	-0.791298999624266
198	0	0.722215996473096	0.7122093	0.001449032	17.94784	17.80185	-2.01883566056016
199	0	0.697098096064292	0.7063953	0.001339763	17.88815	17.63253	-1.44766401651296
19	0	0.65284186003264	0.6918605	0.002179843	17.70722	17.36902	-0.845598205937147
1	0	0.706073354952969	0.7383721	0.002174481	17.87174	17.57031	-1.23473813229257
200	0	0.726864319830202	0.8023256	0.001673591	17.8994	17.65362	-1.38524031789206
201	0	0.681472183647566	0.6976744	0.001833632	17.78351	17.47529	-0.825757311283769
202	0	0.682103384728543	0.630814	0.0009452024	17.76767	17.46701	-0.971330491096813
203	0	0.653215733217075	0.6395349	0.002183297	17.84448	17.45993	-1.00711624458215
204	0	0.725204951525666	0.7151163	0.001604176	17.81034	17.5967	-1.02614762714584
205	0	0.736879037227482	0.7296512	0.001545308	18.12071	17.78333	-1.71791112338649
206	0	0.650684833619744	0.6482558	0.001494066	17.16401	17.13483	-0.558921535032414
207	0	0.708183602592908	0.7151163	0.001631554	17.81093	17.53658	-1.32967740009826
208	0	0.70886788321659	0.6773256	0.001826334	17.73349	17.35173	-0.841018835816726
209	0	0.718510889704339	0.6831395	0.001616678	17.72927	17.47605	-0.95250782427281
20	0	0.692727872729301	0.7906977	0.001978335	17.33087	17.21095	-1.0016442472048
210	0	0.733960772911087	0.6802326	0.001335231	17.94718	17.69826	-1.72386943378568
211	0	0.726689783739857	0.7209302	0.001761975	17.78335	17.53387	-1.16946570723574
212	0	0.724671644391492	0.744186	0.0008274949	17.84584	17.56043	-1.0013292420907
213	0	0.719041293929331	0.744186	0.002193718	17.5584	17.21008	-0.456077148464762
214	0	0.703535174834542	0.7238372	0.001732241	17.92817	17.66616	-1.58434103777619
215	0	0.65152894994244	0.6627907	0.001446455	16.94785	17.00551	-0.604125372443228
216	0	0.670927208289504	0.7005814	0.00138139	17.74513	17.37939	-0.862140762682469
217	0	0.674345039739274	0.6424419	0.002469716	17.6816	17.30465	-0.820629964496978
218	0	0.719172818330117	0.752907	0.001313142	17.9819	17.68166	-1.48322005014609
219	0	0.685713617876172	0.622093	0.002120743	17.49764	17.17923	-0.575503186636958
21	0	0.693237643665634	0.7587209	0.001392557	17.67717	17.40268	-1.05084349788573
220	0	0.713835602905601	0.755814	0.001082031	17.84192	17.52841	-1.00194823366835
221	0	0.663305904436857	0.6860465	0.002529918	17.63718	17.31508	-0.455537145433593
222	0	0.692005101428367	0.7151163	0.002375043	17.75173	17.39604	-0.742712458352653
223	0	0.700618940754794	0.6889535	0.002601904	17.80778	17.55201	-1.46499719119655
224	0	0.669147548708133	0.6511628	0.001885205	17.4151	17.21208	-0.734292449350122
225	0	0.670577223133296	0.6482558	0.001593003	17.64962	17.21985	-0.566566936040166
226	0	0.660641886526719	0.6366279	0.001058888	17.79383	17.45884	-1.09343682415107
227	0	0.693779081525281	0.6744186	0.001939228	17.63719	17.33293	-1.07075449230398
228	0	0.653576119197533	0.6918605	0.001444147	17.58341	17.23041	-0.54511872096006
229	0	0.70411598328501	0.6511628	0.001441782	17.79186	17.55781	-1.13304321057481
22	0	0.65783108479809	0.6133721	0.001752693	17.6591	17.29075	-0.943011132807908
230	0	0.699540443182923	0.630814	0.001679527	17.69387	17.3251	-0.713247726121469
231	0	0.717455265927128	0.7383721	0.001623876	17.86855	17.69442	-1.42697661407749
232	0	0.730880449153483	0.6976744	0.001917718	17.68783	17.31096	-0.955331105530318
233	0	0.733847226831131	0.7383721	0.001565965	17.79975	17.64289	-1.26024383972019
234	0	0.691757143731229	0.6976744	0.0009982187	17.73076	17.49148	-0.893967282506067
235	0	0.659191474085674	0.6540698	0.001928869	17.50184	17.19136	-0.86462153633062
236	0	0.676667822990566	0.6889535	0.001478356	17.84508	17.50583	-1.08450873541334
237	0	0.701263573230244	0.7005814	0.001817231	17.72595	17.40982	-0.982034795432633
238	0	0.680252338084392	0.7674419	0.001521064	17.12583	17.03376	-0.515033575183763
239	0	0.708078234293498	0.752907	0.002115201	17.82649	17.58975	-0.972419530214442
23	0	0.653012815490365	0.7063953	0.002283347	17.7065	17.43429	-1.09611389590845
240	0	0.719409008463845	0.75	0.001805843	17.63229	17.33612	-0.667206701969589
241	0	0.674445960414596	0.6860465	0.001765225	17.56445	17.29977	-1.07223003776693
242	0	0.732619754853658	0.7296512	0.001677586	17.87054	17.6559	-1.2563242542709
243	0	0.664995197067037	0.7063953	0.001536395	17.77927	17.48424	-0.77277374223119
244	0	0.666568005830049	0.6947674	0.001361024	17.70538	17.32933	-1.03919060743314
245	0	0.738424978777766	0.7616279	0.002533343	17.75266	17.58201	-1.35984076358057
246	0	0.708332255110145	0.7877907	0.002992197	17.80121	17.6192	-1.42424062543892
247	0	0.718440109374933	0.8052326	0.001814397	17.89213	17.62841	-1.51946907946936
248	0	0.694223774084821	0.7674419	0.001639064	17.78865	17.58114	-1.03519435481228
249	0	0.714519811421633	0.7267442	0.001041263	17.72358	17.38526	-1.37861171225628
24	0	0.746364309452474	0.6831395	0.002331942	17.79665	17.53002	-0.998886677864492
250	0	0.708990308572538	0.627907	0.001556262	17.56688	17.27068	-0.730203227608398
251	0	0.691190893482417	0.6976744	0.001565152	17.68445	17.35428	-0.964902788431315
252	0	0.693502630572766	0.6133721	0.001537913	17.66594	17.37036	-0.980529021148857
253	0	0.724155558436178	0.7063953	0.002246379	17.72657	17.49606	-0.92926816588244
254	0	0.723218891909346	0.6482558	0.002194462	17.82513	17.55061	-0.902488014834358
255	0	0.653782779257745	0.622093	0.001164832	17.11505	17.05464	-0.326997230876758
256	0	0.732321708137169	0.8197674	0.001480465	17.92675	17.69459	-1.3501198164853
257	0	0.700831493688747	0.6133721	0.00183044	17.41542	17.2902	-0.967361843365843
258	0	0.7347616026178	0.7877907	0.001513409	17.9091	17.59285	-1.41004798361507
259	0	0.666915157274343	0.6947674	0.001714839	17.89582	17.46006	-1.01450308880209
25	0	0.713900103140622	0.6860465	0.001481776	17.76096	17.5132	-1.27871784661571
260	0	0.715457383380272	0.6511628	0.001461864	17.84687	17.61213	-1.21432551685388
261	0	0.651717037544586	0.5813953	0.001945133	17.57369	17.148	-0.638010670212949
262	0	0.656885084579699	0.6860465	0.002369209	17.61088	17.29555	-0.899772977542932
263	0	0.662072907574475	0.6918605	0.001479023	17.69104	17.35647	-1.19895652989689
264	0	0.694719848502427	0.7296512	0.001423772	17.63024	17.36761	-1.00095198071396
265	0	0.669541040575132	0.6046512	0.001404872	17.58403	17.20285	-0.690559217172618
266	0	0.700842197891325	0.5872093	0.001285997	17.70562	17.28718	-1.0237025120544
267	0	0.66061291648075	0.6104651	0.002327382	17.70619	17.25852	-0.63861114526542
268	0	0.677366139087826	0.6511628	0.001609661	17.57583	17.25654	-0.756927404175099
269	0	0.740339050698094	0.7267442	0.001672068	17.95983	17.66702	-1.44366458488345
26	0	0.684215605724603	0.6744186	0.001478877	17.66215	17.29271	-0.762557039633252
270	0	0.658186909928918	0.5523256	0.002471315	17.56996	17.17668	-0.501598825606406
271	0	0.743562873103656	0.7093023	0.001709183	17.84776	17.55755	-1.33155818112557
272	0	0.66956716994755	0.6889535	0.002304269	17.84647	17.52733	-1.29903694917191
273	0	0.698132045916282	0.6947674	0.00150384	17.76456	17.52265	-0.994162751607801
274	0	0.692716267239302	0.6453488	0.001771557	17.714	17.38576	-0.653839314189511
275	0	0.684640023391694	0.7209302	0.002174489	17.63961	17.31787	-0.92568955845089
276	0	0.681843398604542	0.6569767	0.00139005	17.67338	17.40413	-1.04174493597662
277	0	0.66215970213525	0.7005814	0.001346302	17.67396	17.42845	-0.679747420297486
278	0	0.735116390464827	0.7267442	0.001751457	17.82122	17.62307	-1.60712083139267
279	0	0.707661646907218	0.6947674	0.003008551	17.80027	17.56123	-0.905180966425367
27	0	0.703393940976821	0.7180233	0.001192881	17.82216	17.53681	-0.821680400190748
280	0	0.667575997160748	0.6511628	0.001376948	17.56686	17.1705	-0.776486977058964
281	0	0.700579079939052	0.7005814	0.001419762	17.80816	17.46736	-1.33785063346689
282	0	0.749538631713949	0.7180233	0.001207331	17.84266	17.57121	-1.5432427250286
283	0	0.715117829991505	0.747093	0.001484572	17.87741	17.68569	-1.62583811014692
284	0	0.673766184574924	0.7034884	0.001923509	17.72512	17.28346	-0.839005746012489
285	0	0.66765943900682	0.7180233	0.001799549	17.5881	17.2678	-0.796370855782268
286	0	0.695114010060206	0.6540698	0.00157042	17.67116	17.392	-0.762423301295734
287	0	0.705939640360884	0.6482558	0.001621916	17.74585	17.45035	-0.714690580837277
288	0	0.659832860063762	0.625	0.002068362	17.13631	17.09343	-0.621524012459357
289	0	0.6621472931467	0.6656977	0.0012947	17.59141	17.26046	-0.805780653816868
28	0	0.66171027882956	0.6686047	0.002242136	17.70557	17.37544	-0.838085360575489
290	0	0.742942973738536	0.7383721	0.00152508	17.85101	17.69898	-1.27417390662269
291	0	0.664950859942473	0.75	0.001637978	17.68736	17.35095	-0.684837514158338
292	0	0.711380816320889	0.7034884	0.001056938	17.73183	17.41135	-1.17092044688489
293	0	0.669267741730437	0.755814	0.001660152	17.70379	17.42516	-1.04654575830778
294	0	0.709707449283451	0.7093023	0.001354378	17.69038	17.36593	-0.69229441300688
295	0	0.74944162487518	0.7209302	0.001600531	17.84521	17.63168	-1.03404032150406
296	0	0.655416245060042	0.6918605	0.001308934	17.72762	17.4246	-0.741314529623677
297	0	0.668420245847665	0.6133721	0.001466878	17.64272	17.36991	-0.613696931781332
298	0	0.673080316232517	0.6715116	0.001961224	17.84018	17.57373	-1.03381792830577
299	0	0.657625866564922	0.6947674	0.001467956	17.56136	17.24084	-1.00678620489863
29	0	0.731502146064304	0.625	0.001906924	17.78824	17.5108	-1.13069359459159
2	0	0.688692066888325	0.7354651	0.001690253	17.69159	17.3657	-1.06454686286278
300	0	0.738868169789203	0.7005814	0.00148434	17.793	17.44335	-0.842145749123853
301	0	0.677564101386815	0.6656977	0.001286097	17.6479	17.23335	-0.533985616375005
302	0	0.714140311419033	0.7383721	0.001362343	17.81837	17.53109	-1.34218263602659
303	0	0.678260954190046	0.7238372	0.001472721	17.79263	17.53639	-0.766945265850275
304	0	0.667195990565233	0.7180233	0.001571852	17.73585	17.41553	-0.923567205521571
305	0	0.682536683720537	0.6831395	0.001757348	17.65586	17.36359	-0.913468645850652
306	0	0.699380016303621	0.744186	0.003591689	17.7198	17.4028	-0.724445395385777
307	0	0.684671794017777	0.7383721	0.001371689	17.77952	17.48289	-1.3123523814724
308	0	0.721820860356092	0.7906977	0.002088224	17.66218	17.32382	-0.425606400758383
309	0	0.713278489303775	0.7994186	0.001973684	17.92574	17.72289	-1.58183380292842
30	0	0.732237201393582	0.7325581	0.001507164	17.69005	17.48937	-1.05513967682669
310	0	0.694749962491915	0.8023256	0.001307769	17.66974	17.2587	-0.701360298979196
311	0	0.686287316144444	0.7296512	0.00221695	17.81298	17.56842	-1.04089415514586
312	0	0.730170868057758	0.7587209	0.00127801	17.99639	17.79408	-1.41085934679334
313	0	0.7071990220109	0.6744186	0.001698022	17.66504	17.30625	-0.936803641701315
314	0	0.704457685351372	0.6656977	0.001381683	17.73365	17.43046	-1.17317699317189
315	0	0.66004293509759	0.6860465	0.002620257	17.67781	17.34067	-0.645690098531838
316	0	0.724565200437792	0.7034884	0.002199813	17.68548	17.33553	-0.678648956068007
317	0	0.732571633486077	0.7238372	0.002029564	17.81286	17.4738	-0.661134326359234
318	0	0.695586537453346	0.6802326	0.001575783	17.64913	17.29831	-0.698782419621557
319	0	0.652854869351722	0.6133721	0.002384562	17.66272	17.38491	-0.742149749346834
31	0	0.673735019634478	0.6598837	0.001604958	17.20998	17.20281	-0.819970670297908
320	0	0.72049064040184	0.6918605	0.001972372	17.79597	17.62018	-1.47924686865926
321	0	0.688038332946599	0.7732558	0.00207844	17.72452	17.34196	-0.897205907847327
322	0	0.735556742409244	0.7761628	0.00140163	17.91501	17.73553	-1.91941261261534
323	0	0.653327348898165	0.7063953	0.001229147	17.71696	17.37448	-0.764451018966301
324	0	0.717182567087002	0.7790698	0.001486137	17.83646	17.67672	-1.4432496288338
325	0	0.675785772665404	0.5348837	0.002022666	17.6445	17.34834	-0.807213488015055
326	0	0.697596959467046	0.7093023	0.002605507	17.56374	17.21608	-0.888896529219317
327	0	0.69729837521445	0.7325581	0.001162478	17.86143	17.5763	-0.902723586236105
328	0	0.728397858771496	0.7616279	0.003050573	17.76324	17.43724	-1.01733725547342
329	0	0.739708622614853	0.7616279	0.001861987	17.60758	17.33358	-1.12833293854942
32	0	0.652170798997395	0.7209302	0.002020707	17.32612	17.17183	-0.724946682300943
330	0	0.738181157084182	0.7034884	0.001970973	17.88964	17.57363	-1.06298199540847
331	0	0.731904730480164	0.6715116	0.001908404	17.87734	17.6105	-1.21184575165969
332	0	0.667418098635972	0.6482558	0.001879507	17.69957	17.29013	-1.00271262516562
333	0	0.69712534872815	0.6889535	0.001672776	17.6552	17.32784	-0.663869135374571
334	0	0.699608455970883	0.6366279	0.001061451	17.8521	17.60274	-1.25145080829734
335	0	0.737700330954976	0.7877907	0.00111058	17.89475	17.55776	-1.41641790474437
336	0	0.718848652485758	0.747093	0.001495628	17.82779	17.57323	-1.16479267334526
337	0	0.719443840160966	0.6831395	0.001076834	17.7726	17.52153	-1.47670802992244
338	0	0.736802624678239	0.7093023	0.001827495	17.83662	17.51936	-1.02529432952541
339	0	0.726268159411848	0.7877907	0.002329923	17.91457	17.63306	-0.957419627378977
33	0	0.654691646923311	0.6802326	0.001887355	17.67858	17.39207	-0.893934698585659
340	0	0.711611268809065	0.5872093	0.002444543	17.7678	17.397	-1.05973971495426
341	0	0.695784414792433	0.7063953	0.00265965	17.82183	17.61376	-1.17543786116678
342	0	0.697171900351532	0.7093023	0.001671312	17.67488	17.33679	-0.878526526960844
343	0	0.714845917490311	0.6889535	0.001338472	17.59997	17.28997	-0.6592778116977
344	0	0.73563775497023	0.6802326	0.001420472	17.63606	17.45121	-0.952901139701194
345	0	0.660430502728559	0.5959302	0.001933904	17.70124	17.28597	-0.936513848593777
346	0	0.675205758702941	0.5930233	0.001489732	17.67557	17.35327	-1.08392253395999
347	0	0.735697312490083	0.752907	0.001438236	17.86111	17.66989	-1.56353657706797
348	0	0.749054054869339	0.6860465	0.001079311	17.78215	17.48295	-0.709555195153613
349	0	0.706555251148529	0.7093023	0.001585988	17.65417	17.36691	-1.00452104194674
34	0	0.725687132868916	0.6569767	0.001511471	17.75118	17.52142	-1.3560866035247
350	0	0.724822763586417	0.7093023	0.001052578	17.68181	17.32299	-0.892689807100183
351	0	0.700257826526649	0.75	0.00279623	17.77694	17.43903	-1.29968268417281
352	0	0.689597970480099	0.6715116	0.001340226	17.71998	17.4247	-1.24102029219968
353	0	0.664423306612298	0.75	0.00243184	17.88114	17.64062	-1.25160184639514
354	0	0.746638911357149	0.7180233	0.002537427	17.92996	17.61883	-1.46409406734407
355	0	0.662070739921182	0.6627907	0.001482719	17.71936	17.5875	-0.932182705633097
356	0	0.674596243933775	0.6656977	0.002876431	17.53044	17.17759	-0.854396876274277
357	0	0.700489948713221	0.7703488	0.001384752	17.83952	17.52893	-1.58022885954359
358	0	0.701550737512298	0.7383721	0.002034251	17.74993	17.40034	-0.808505976390088
359	0	0.702723772660829	0.7761628	0.001508428	17.8963	17.70832	-1.45040353324602
35	0	0.745027003437281	0.7209302	0.001899913	17.85945	17.70359	-1.68670764951611
360	0	0.689405205845833	0.7005814	0.001518978	17.72077	17.37616	-0.87520167401049
361	0	0.732935223612003	0.8517442	0.001678831	18.00257	17.75967	-1.58671996188512
362	0	0.710829255869612	0.7238372	0.001615818	17.73539	17.45952	-0.916673986923991
363	0	0.706429990404285	0.6802326	0.002504138	17.73792	17.42473	-1.19938830979436
364	0	0.694258638727479	0.7703488	0.002221022	17.85831	17.56986	-1.29305629918794
365	0	0.680746521684341	0.6366279	0.001325455	17.78471	17.4958	-1.00794750175171
366	0	0.733233001828194	0.7412791	0.001192995	18.06143	17.82856	-1.60675130467792
367	0	0.664867117255926	0.6744186	0.001681102	17.72825	17.49191	-1.10507614894071
368	0	0.705934508796781	0.7005814	0.002174117	17.7692	17.5155	-1.0423330079085
369	0	0.726767123350874	0.7354651	0.002579552	17.80473	17.5598	-0.84419891724462
36	0	0.656990437395871	0.6831395	0.001760179	17.75532	17.44811	-0.785459300671979
370	0	0.716055366769433	0.7703488	0.00158153	17.88591	17.7197	-1.82110838499907
371	0	0.705716305389069	0.6656977	0.002922596	17.59878	17.38628	-1.00422306816381
372	0	0.695837565464899	0.7325581	0.001660369	17.9146	17.6429	-1.45716294751275
373	0	0.685296193743125	0.7093023	0.002299977	17.8247	17.57366	-1.52180901467497
374	0	0.671017956989817	0.6802326	0.001729557	17.68155	17.37103	-0.96845461975357
375	0	0.676234924700111	0.6802326	0.001047194	17.76232	17.40883	-0.923380032386045
376	0	0.689752912265249	0.7790698	0.001448138	17.83015	17.57744	-1.25977279768947
377	0	0.733720765798353	0.7325581	0.001386034	17.84507	17.58355	-1.20571608419437
378	0	0.730835648905486	0.75	0.002311482	17.87585	17.64392	-1.30676711582629
379	0	0.659894372103736	0.6715116	0.001622386	17.69244	17.41378	-0.959737212618998
37	0	0.714011677075177	0.6976744	0.001463674	17.71917	17.41878	-0.82647397141304
380	0	0.692170112836175	0.6744186	0.001845352	17.97137	17.76136	-1.43380603730696
381	0	0.66096582848113	0.7063953	0.001858888	17.56973	17.31253	-1.13290564583359
382	0	0.742501687514596	0.7587209	0.001757243	17.85975	17.6602	-1.28374387944931
383	0	0.704873968334869	0.7354651	0.001200264	17.78813	17.50803	-1.19134733502189
384	0	0.692406669515185	0.7063953	0.001487009	17.73308	17.37739	-0.660289757358862
385	0	0.693755553802475	0.619186	0.001508278	17.85578	17.62261	-1.39372510816561
386	0	0.660901626525447	0.6453488	0.001965709	17.71099	17.31363	-0.616342953474446
387	0	0.68047955003567	0.7180233	0.00149321	17.6753	17.30253	-0.645202813256414
388	0	0.655817477987148	0.7354651	0.001908291	17.66712	17.29097	-0.800715034201051
389	0	0.715387331368402	0.6511628	0.001420271	17.79773	17.48853	-0.853407197148241
38	0	0.737942464277148	0.7674419	0.002442674	17.83379	17.59615	-1.42590090225177
390	0	0.686276668705977	0.6569767	0.002833419	17.70341	17.43795	-1.23580936318336
391	0	0.712272158474661	0.6715116	0.001471803	17.82386	17.54491	-1.04336264108498
392	0	0.730914496839978	0.7354651	0.001393809	17.98198	17.62035	-1.26501825102218
393	0	0.692424744251184	0.6627907	0.001574317	17.58521	17.28161	-0.580175544413047
394	0	0.661868679802865	0.6075581	0.002364471	17.27293	17.11289	-0.629936889084547
395	0	0.664249799004756	0.7063953	0.002394051	17.64695	17.31055	-0.881643371976214
396	0	0.705045492458157	0.6104651	0.001828138	17.63257	17.33546	-0.791344725308451
397	0	0.726084795268253	0.6947674	0.002437541	17.91785	17.76462	-1.81334035767174
398	0	0.657989636179991	0.622093	0.001845648	17.33124	17.1294	-0.503613093786227
399	0	0.686215576226823	0.7732558	0.001908377	17.82134	17.5035	-1.00931317130199
39	0	0.715442234929651	0.6598837	0.001438442	17.7774	17.38278	-0.97441043075894
3	0	0.684778965008445	0.6860465	0.002063233	17.73107	17.38146	-1.06121672893047
400	0	0.696619592560455	0.6947674	0.001192605	17.85267	17.60069	-1.02306579498898
401	0	0.674069612193853	0.6656977	0.002969132	17.67257	17.31326	-0.834725736830133
402	0	0.69509081307333	0.7267442	0.001474689	17.26847	17.21956	-0.792182092153677
403	0	0.715219819545746	0.752907	0.001216613	17.69857	17.40554	-0.935300994909281
404	0	0.704721711226739	0.6773256	0.002248824	17.67926	17.34712	-0.834537804906135
405	0	0.675459994236007	0.6540698	0.001896007	17.72679	17.46963	-0.852014026842401
406	0	0.683457272313535	0.6918605	0.001427655	17.73495	17.34975	-0.710279729406733
407	0	0.74888371177949	0.7790698	0.001434354	18.06861	17.74791	-1.56835601051804
408	0	0.71756268304307	0.6918605	0.001627483	17.9636	17.71563	-1.43094807605722
409	0	0.732029518508352	0.7994186	0.001562855	17.82475	17.59625	-1.05319925355613
40	0	0.714989355928265	0.7412791	0.00181644	17.83588	17.52316	-1.03947469439977
410	0	0.715240226872265	0.7238372	0.001266732	17.84203	17.51065	-0.941200110507225
411	0	0.745842403289862	0.7412791	0.001120814	17.95373	17.70081	-2.221030558787
412	0	0.695634413231164	0.6976744	0.001822919	17.78863	17.46781	-1.08612731869074
413	0	0.666114273970015	0.7122093	0.002417868	17.60261	17.30702	-1.27372814422647
414	0	0.723484144057147	0.8197674	0.001338541	17.81117	17.60953	-1.32961233001361
415	0	0.702379310596734	0.7034884	0.002194611	17.73938	17.45023	-0.845851581105507
416	0	0.692540873028338	0.6831395	0.001333078	17.7721	17.4797	-1.51389972323609
417	0	0.701111849886365	0.6104651	0.001863826	17.2806	17.02112	-0.518196990802358
418	0	0.698255756357685	0.7848837	0.001281068	17.89114	17.742	-1.20640356877462
419	0	0.687232497567311	0.6918605	0.001424367	17.69269	17.36264	-0.92397488566412
41	0	0.674697488103993	0.6598837	0.001449014	17.67215	17.31102	-0.998059284487154
420	0	0.732551799644716	0.6773256	0.001236371	17.73575	17.47788	-0.784144670145199
421	0	0.690594156668521	0.7238372	0.001947778	17.62405	17.27524	-0.788095087681032
422	0	0.687538991635665	0.6831395	0.00214418	17.68485	17.30711	-0.567319129068637
423	0	0.692387331579812	0.630814	0.00224252	17.7067	17.3509	-0.89425143298623
424	0	0.737804369372316	0.7267442	0.001449257	17.84699	17.58332	-1.16567886945167
425	0	0.679031244409271	0.627907	0.002490039	17.40554	17.11977	-0.612942270596305
426	0	0.732034795009531	0.7383721	0.001899659	17.99166	17.73625	-2.01835255048569
427	0	0.67515107493382	0.5726744	0.001582394	17.56498	17.25685	-1.04826059481316
428	0	0.654972882708535	0.7151163	0.001691036	17.72475	17.42455	-1.29894882453877
429	0	0.72932985376101	0.7238372	0.001510071	17.88122	17.69417	-1.52507054713785
42	0	0.662264757812954	0.6075581	0.00154251	17.27515	17.08503	-0.45041488051389
430	0	0.692652109730989	0.6686047	0.001762125	17.69565	17.38523	-0.916713202639104
431	0	0.6523255181266	0.6569767	0.001827375	17.61781	17.35048	-0.931381152424939
432	0	0.68429794064723	0.7238372	0.001763062	17.79744	17.60711	-1.34655550526342
433	0	0.654261041269638	0.6598837	0.001833983	17.60133	17.27757	-0.725174899043357
434	0	0.650475632445887	0.6395349	0.001382683	17.72473	17.41978	-0.759380251326217
435	0	0.745461925747804	0.6802326	0.002307452	17.73536	17.47583	-1.07104217720114
436	0	0.710092826187611	0.6976744	0.00202571	17.70143	17.40955	-1.11859390829467
437	0	0.679711909336038	0.627907	0.001950656	17.35407	17.15644	-0.542806301144837
438	0	0.66892043701373	0.7093023	0.001394259	17.30842	17.22956	-0.955224004171793
439	0	0.692254485120065	0.7645349	0.002201254	17.90003	17.71108	-1.1960658065064
43	0	0.709133585286327	0.6569767	0.0009077866	17.69541	17.53335	-1.40714769929019
440	0	0.662676201737486	0.6744186	0.002195598	17.66181	17.32795	-0.721381361619747
441	0	0.742946982057765	0.7412791	0.001743735	17.98254	17.71874	-1.80457312718152
442	0	0.7176344092004	0.752907	0.001063374	17.63244	17.253	-0.913925142042617
443	0	0.663116884371266	0.7005814	0.001592544	17.75149	17.43555	-0.848738155557118
444	0	0.689427330065519	0.5872093	0.001928359	17.43446	17.27044	-0.825789813567844
445	0	0.692755991173908	0.7151163	0.002030012	17.77815	17.50915	-0.870202939163372
446	0	0.71309265838936	0.6075581	0.002431176	17.73187	17.46937	-0.586271122963426
447	0	0.722908302373253	0.7093023	0.002166088	17.79666	17.59412	-1.50631685567859
448	0	0.712791862385348	0.625	0.001104557	17.75986	17.40201	-0.958544319436324
449	0	0.664243900263682	0.7180233	0.001963558	17.75923	17.41823	-0.671199865247473
44	0	0.669251575088128	0.6715116	0.001022745	17.76006	17.51467	-0.840231016166919
450	0	0.653662158432417	0.630814	0.002119824	17.33073	17.14211	-0.583122090551066
451	0	0.744417617912404	0.752907	0.001275174	17.92925	17.71296	-1.68678352492441
452	0	0.720031079743057	0.7122093	0.00163083	17.72451	17.42138	-1.00708549508821
453	0	0.686985915713012	0.7093023	0.001400123	17.78498	17.42254	-0.919256236646271
454	0	0.664811346796341	0.627907	0.001386083	17.63713	17.27827	-0.876017893228577
455	0	0.670871763862669	0.7209302	0.001468891	17.62702	17.25989	-0.562794635616264
456	0	0.676354039274156	0.6482558	0.001967494	17.8654	17.58767	-1.72483854680564
457	0	0.739365976839326	0.5959302	0.001687359	17.89139	17.52736	-1.14853668390046
458	0	0.7006580082234	0.7209302	0.001698323	17.71276	17.42701	-0.791643138628979
459	0	0.650987845798954	0.5145349	0.002287395	17.58216	17.21444	-0.561300957456135
45	0	0.700816994998604	0.6511628	0.001869377	17.74777	17.31374	-0.955403781537917
460	0	0.729203980485909	0.7151163	0.002070821	17.85788	17.60526	-1.46237813636272
461	0	0.707741482043639	0.7296512	0.001158073	17.79566	17.54594	-1.06699391962478
462	0	0.707008452177979	0.7674419	0.001163873	17.89416	17.64889	-1.45090877593452
463	0	0.692181692551821	0.6889535	0.001269187	17.71607	17.48341	-0.893961171503902
464	0	0.709459989191964	0.7790698	0.001244509	17.87482	17.6373	-1.61208206532522
465	0	0.716088568978012	0.752907	0.001650709	17.79347	17.53524	-1.08646858440471
466	0	0.744887521839701	0.752907	0.001490888	17.90337	17.58939	-1.43476761500247
467	0	0.715932798106223	0.755814	0.001945404	17.90335	17.67591	-0.898104680655632
468	0	0.726075778459199	0.6627907	0.001601299	17.75624	17.52412	-1.12145829074603
469	0	0.688264202186838	0.5813953	0.001343693	17.49925	17.24394	-0.809280108925054
46	0	0.735672104847617	0.744186	0.001202234	17.85945	17.64427	-1.25726240628484
470	0	0.745989413489588	0.7877907	0.002403405	18.0738	17.85449	-1.83627598468753
471	0	0.665777163719758	0.622093	0.001655562	17.20786	17.09858	-0.517621859379877
472	0	0.652654476999305	0.6918605	0.001270049	17.8904	17.50606	-0.971903506585559
473	0	0.675239604804665	0.6540698	0.001566644	16.98387	17.01588	-0.628575312726923
474	0	0.700894485344179	0.6802326	0.00174708	17.82459	17.56382	-1.4336915472095
475	0	0.698192025441676	0.5959302	0.001817386	17.55053	17.22653	-0.940691908463967
476	0	0.73920287869405	0.7732558	0.002243939	17.92899	17.69959	-1.33113050446419
477	0	0.660812207241543	0.5755814	0.00212299	17.56869	17.16171	-0.829346634089658
478	0	0.717382198991254	0.7587209	0.001813413	17.81867	17.48498	-0.84904199011573
479	0	0.70066749365069	0.6656977	0.002415452	17.59124	17.24726	-0.695026136495204
47	0	0.67744622908067	0.627907	0.001392161	17.82332	17.48642	-0.981991541063625
480	0	0.67564815452788	0.7151163	0.00191077	17.69748	17.38267	-0.865951018806535
481	0	0.722957526124082	0.75	0.001812899	17.97625	17.69074	-1.49392664019388
482	0	0.693262967956252	0.6482558	0.003421552	17.49546	17.20387	-0.561388813290983
483	0	0.729369438625872	0.6744186	0.002206253	17.66494	17.41817	-1.15388409121475
484	0	0.662873976351693	0.7587209	0.001460552	17.59647	17.26059	-0.581151452866329
485	0	0.652572128316388	0.6133721	0.001027138	17.70085	17.3705	-0.879474110676823
486	0	0.734595998027362	0.7965116	0.001220082	17.82705	17.54122	-0.993507232459352
487	0	0.704476306843571	0.6773256	0.001792173	17.67089	17.33261	-1.03138389832184
488	0	0.657984988787211	0.7063953	0.001254886	17.6615	17.33713	-0.666216760652994
489	0	0.739253040589392	0.7238372	0.001644445	17.80869	17.58673	-1.04962091877796
48	0	0.693555182404816	0.6947674	0.001853161	17.60299	17.33305	-0.849165721756548
490	0	0.652684541512281	0.6715116	0.001279976	17.52253	17.17722	-0.606740904273885
491	0	0.683462886605412	0.6715116	0.0009255696	17.67529	17.30504	-0.803557603138552
492	0	0.697126639913768	0.6395349	0.001879114	17.66987	17.36083	-0.761004628550176
493	0	0.744903549528681	0.7296512	0.001304953	17.82984	17.57374	-0.998053880220875
494	0	0.716901495261118	0.7063953	0.002295243	17.8334	17.51098	-0.874184484183785
495	0	0.717730914661661	0.6656977	0.001838369	17.75424	17.47023	-1.02701306179854
496	0	0.733667554543354	0.6831395	0.0008016777	17.80814	17.55544	-1.24127775986105
497	0	0.663647295092233	0.5465116	0.001810207	17.60467	17.21329	-0.543767883203167
498	0	0.707172825792804	0.5843023	0.00186022	17.91486	17.68214	-0.833694688182198
499	0	0.692470207647421	0.7906977	0.001573547	17.73369	17.42594	-0.962573887771602
49	0	0.740262755239382	0.7093023	0.001340455	17.83793	17.66119	-1.37087770357337
4	0	0.710803385893814	0.6947674	0.001754468	17.67867	17.49236	-1.14895813765979
500	0	0.707555027818307	0.5959302	0.002743863	17.67069	17.34625	-0.92975074634814
501	0	0.663045963807963	0.5523256	0.001694024	17.17391	17.11478	-0.609438679541378
502	0	0.673705914570019	0.6686047	0.001254268	17.6507	17.24778	-0.508559073245105
503	0	0.747210987750441	0.6133721	0.002814946	17.66694	17.26079	-0.549396509743582
504	0	0.706192846060731	0.7732558	0.002238279	17.80601	17.58915	-0.931466585270257
505	0	0.658182707778178	0.7906977	0.002649632	17.77259	17.49456	-1.15644404906489
506	0	0.712726431339979	0.747093	0.001734494	17.78076	17.48498	-0.938901947017038
507	0	0.732666809437796	0.6453488	0.001132884	17.77794	17.44634	-1.02350265197399
508	0	0.749837344698608	0.7354651	0.001652629	17.88233	17.56355	-1.60610186211459
509	0	0.730674672266468	0.8139535	0.001179771	18.05381	17.83701	-1.80093381537998
50	0	0.650670303148217	0.7325581	0.001400481	17.74315	17.50539	-1.05641583808531
510	0	0.723244718904607	0.7005814	0.001948222	17.89612	17.57888	-1.25153340389556
511	0	0.711327620991506	0.7034884	0.001758452	17.87231	17.57289	-1.29666927746038
512	0	0.737435707822442	0.8081395	0.001644687	18.02088	17.7763	-2.13883059494673
513	0	0.68749247409869	0.7296512	0.001760307	17.76402	17.47601	-0.887959065108864
514	0	0.677037268178537	0.7034884	0.001496817	17.80352	17.39758	-0.813060796612163
515	0	0.718921640492044	0.625	0.00169453	17.71632	17.38955	-1.02690248980162
516	0	0.742483437177725	0.6860465	0.001345519	17.94072	17.69244	-1.28024482027096
517	0	0.739066059654579	0.7645349	0.001655093	17.74393	17.54789	-0.890615507716985
518	0	0.689642571331933	0.7005814	0.001541331	17.77874	17.49067	-1.05963979471423
519	0	0.73911478666123	0.7877907	0.001291093	18.06677	17.85485	-1.7648813175919
51	0	0.720154009526595	0.6918605	0.002227166	17.84803	17.55068	-0.951059889079222
520	0	0.689213423314504	0.7877907	0.002771946	17.72876	17.35138	-0.946630966699155
521	0	0.729110478213988	0.7122093	0.001960886	17.72075	17.49901	-1.15686412621918
522	0	0.713054630882107	0.7674419	0.001683751	17.7462	17.51574	-1.03172706440979
523	0	0.741352870780975	0.7354651	0.001664709	17.84143	17.61776	-1.43147284874497
524	0	0.731897667911835	0.7034884	0.001418961	17.8126	17.64391	-1.58136592208254
525	0	0.658576621068642	0.6133721	0.002670591	17.58905	17.25813	-0.922237564833065
526	0	0.732769375597127	0.752907	0.001411487	17.72581	17.4782	-0.683151646278472
527	0	0.749494448187761	0.7587209	0.001505519	17.99211	17.79094	-1.65041062969168
528	0	0.697454037959687	0.7034884	0.002497227	17.67236	17.33941	-0.851960703325606
529	0	0.702035146066919	0.6686047	0.002000731	17.68535	17.45266	-1.03424083566033
52	0	0.666180834919214	0.6453488	0.001877423	17.72639	17.38615	-0.977203691784228
530	0	0.748271412565373	0.75	0.001164505	18.04313	17.71404	-1.68609118317324
531	0	0.746407315065153	0.7616279	0.001721115	18.01843	17.82129	-1.48003696007864
532	0	0.69081254589837	0.6453488	0.001875646	17.67111	17.4049	-0.611134121677324
533	0	0.705122401658446	0.6802326	0.001666518	17.65084	17.29227	-0.986297833125955
534	0	0.727329756738618	0.6860465	0.003245375	17.88885	17.5331	-0.933731951901065
535	0	0.738259068853222	0.7354651	0.00114032	17.90207	17.68382	-1.41094048952149
536	0	0.723408080963418	0.7034884	0.001370272	17.87482	17.61096	-1.27721818000246
537	0	0.696571209840476	0.6453488	0.00173676	17.78606	17.49979	-1.26264865271233
538	0	0.74796445814427	0.7151163	0.001305984	17.79079	17.51226	-1.01054282574038
539	0	0.677736016898416	0.7616279	0.002283024	17.55756	17.27084	-0.733979119004497
53	0	0.686152146779932	0.752907	0.002404684	17.87066	17.62552	-1.46446971668886
540	0	0.731316293240525	0.7267442	0.0013461	17.82309	17.57211	-1.55147324279948
541	0	0.734748417208902	0.6889535	0.001702904	17.78651	17.44861	-1.08244691496402
542	0	0.709127030568197	0.6686047	0.001100163	17.8341	17.56271	-1.05179829603428
543	0	0.74956917935051	0.7645349	0.002007451	18.01809	17.67558	-1.48621089921378
544	0	0.701946446322836	0.6656977	0.001493557	17.66055	17.31007	-0.855969334536027
545	0	0.663869566912763	0.6598837	0.001828224	17.62663	17.32828	-0.841412714412811
546	0	0.689793542446569	0.6046512	0.003039382	17.66081	17.39057	-0.650575801183835
547	0	0.704903999087401	0.7296512	0.001889336	17.96578	17.72476	-1.78799298097393
548	0	0.693381293071434	0.6627907	0.00119962	17.66081	17.40554	-1.07115389589065
549	0	0.691819238755852	0.7005814	0.001640658	17.74003	17.48915	-1.02788115351842
54	0	0.656281819171272	0.6337209	0.002568211	17.70625	17.40355	-0.827348920915696
550	0	0.665773529815488	0.6337209	0.002103278	17.62197	17.32869	-0.944345537523117
551	0	0.66795101321768	0.6366279	0.00155528	17.67422	17.33725	-0.671541972425323
552	0	0.723821850377135	0.7703488	0.002297845	17.93533	17.775	-1.90546882497225
553	0	0.700134491291828	0.7383721	0.002412394	18.03908	17.66557	-1.96555549205229
554	0	0.733836407028139	0.6424419	0.001471984	17.7712	17.45649	-0.896595252531373
555	0	0.731593512999825	0.6395349	0.0008995246	17.81824	17.62661	-1.46128825465932
556	0	0.708847095351666	0.752907	0.001533503	17.68809	17.41676	-0.903077703742014
557	0	0.695643714442849	0.6860465	0.001289888	17.7458	17.3981	-1.09226149179085
558	0	0.745566271711141	0.7267442	0.001320072	17.83641	17.59238	-1.27742871183879
559	0	0.698076486657374	0.6366279	0.002823539	17.63588	17.29744	-0.464957612849537
55	0	0.66507550557144	0.625	0.002597193	17.5136	17.2765	-0.909878658709457
560	0	0.746065642125905	0.6947674	0.001775434	17.74913	17.58743	-1.37044741430296
561	0	0.713584097824059	0.744186	0.001395923	17.74531	17.48652	-0.966143555303109
562	0	0.700344916735776	0.8023256	0.002353679	17.82234	17.61724	-1.23492837240264
563	0	0.703102175495587	0.7093023	0.001009387	17.79245	17.44422	-0.868924025802651
564	0	0.695401822426356	0.7151163	0.001759506	17.80122	17.49169	-1.22439663168912
565	0	0.748518137587234	0.6744186	0.001046637	17.94584	17.72801	-1.30579369359406
566	0	0.726560117164627	0.7209302	0.001539074	17.92447	17.75953	-1.31587748820992
567	0	0.736655680532567	0.7645349	0.001458413	17.66836	17.39421	-0.925950401039496
568	0	0.655774251720868	0.6424419	0.001563399	17.66695	17.30728	-1.18421366894565
569	0	0.652309863944538	0.619186	0.001260701	17.56786	17.30161	-0.702642806205092
56	0	0.692484552902169	0.6860465	0.001586966	17.34984	16.98719	-0.352212521856345
570	0	0.712744966032915	0.7936047	0.00231453	17.80021	17.54596	-1.12830573427467
571	0	0.746068547409959	0.7965116	0.002001807	17.87965	17.58013	-1.21071039640198
572	0	0.69172647187952	0.6656977	0.0015256	17.63493	17.35952	-1.1227157049778
573	0	0.737915011495352	0.7325581	0.001319849	17.98611	17.76166	-1.43611038945203
574	0	0.698252819804475	0.6627907	0.001551643	17.65624	17.25297	-0.841253090205557
575	0	0.660018185013905	0.7383721	0.001708381	17.67611	17.3463	-0.864237156039209
576	0	0.723222043574788	0.7325581	0.001708776	17.75649	17.51953	-1.05773377517849
577	0	0.738429458020255	0.7616279	0.00213748	17.97737	17.73573	-1.79798296758276
578	0	0.699454794335179	0.7151163	0.001547345	17.82701	17.56804	-1.29410740600545
579	0	0.700286427722313	0.6802326	0.001379295	17.68526	17.35064	-0.888962950420317
57	0	0.74875935097225	0.7877907	0.002359989	17.87161	17.70246	-1.69556565445678
580	0	0.714701243001036	0.6947674	0.002446874	17.67193	17.24914	-0.649234994926447
581	0	0.700385655486025	0.6627907	0.001374704	17.72478	17.40213	-0.706938777051855
582	0	0.702957614162006	0.7034884	0.002693612	17.61967	17.27038	-0.711814491083194
583	0	0.745621171616949	0.7267442	0.001584404	18.005	17.83956	-1.63646186905227
584	0	0.715060319658369	0.7703488	0.00182294	17.85033	17.51197	-1.00081331152461
585	0	0.747692668950185	0.7383721	0.001296901	17.96338	17.69061	-2.03310207322463
586	0	0.663525447552092	0.6598837	0.002729924	17.70417	17.40711	-0.841040897160461
587	0	0.705018462613225	0.6366279	0.001553296	17.72372	17.41924	-1.4369383120909
588	0	0.674638581112958	0.5697674	0.002435894	17.737	17.3122	-0.501364850413365
589	0	0.707131910859607	0.6918605	0.001604386	17.83441	17.46652	-0.888403798471909
58	0	0.691617055726238	0.7005814	0.001327743	17.75707	17.56268	-1.3974333258022
590	0	0.721520034736022	0.7354651	0.001532937	17.81546	17.49419	-0.953990909289457
591	0	0.652744920155965	0.6133721	0.001354925	17.58524	17.25813	-0.685584633613912
592	0	0.652131641469896	0.6540698	0.001937825	17.75525	17.5065	-1.02722397615475
593	0	0.712380215129815	0.7674419	0.002281387	17.63646	17.3778	-1.35608575077707
594	0	0.740061103831977	0.755814	0.0009508858	17.77763	17.47612	-0.985217375842668
595	0	0.665719490032643	0.752907	0.002163596	17.72849	17.31863	-0.500678330913399
596	0	0.747376977070235	0.755814	0.001242152	18.07315	17.92626	-1.73225062194306
597	0	0.749569397768937	0.8081395	0.001237992	18.04768	17.79931	-1.84454868354968
598	0	0.712846103799529	0.7180233	0.001205742	17.80246	17.4804	-0.833479185214341
599	0	0.719573066034354	0.7209302	0.001358027	17.92086	17.70422	-1.42217771599317
59	0	0.683919352269731	0.7267442	0.001142858	17.72309	17.42652	-0.977910861257704
5	0	0.741776031674817	0.6540698	0.001627947	17.73927	17.34572	-0.670923583040488
600	0	0.697866218560375	0.6540698	0.00214818	17.72744	17.44545	-1.122336798964
601	0	0.684190346649848	0.6802326	0.0008983118	17.70752	17.38811	-0.989037049189743
602	0	0.685358635429293	0.6453488	0.002170308	17.8041	17.48794	-0.939950628249557
603	0	0.67884533230681	0.5813953	0.002321276	16.83585	16.90287	-0.187958855664124
604	0	0.663040082692169	0.7412791	0.003100803	17.71598	17.40743	-0.850502639217985
605	0	0.652875967789441	0.6802326	0.001638735	17.18216	17.05523	-0.569631584929107
606	0	0.671901928284205	0.6773256	0.001716356	17.70372	17.30727	-0.792751565457515
607	0	0.66282065291889	0.7354651	0.001772528	17.6632	17.31528	-0.68638406283977
608	0	0.74549037180841	0.7645349	0.002099729	17.92659	17.64332	-1.52038813205938
609	0	0.734208158846013	0.7587209	0.00167586	17.71542	17.38959	-1.01239467867675
60	0	0.735361741390079	0.7325581	0.001379435	17.84364	17.64678	-0.93021576830899
610	0	0.679836586746387	0.6860465	0.002357863	17.77106	17.48269	-1.00287366783318
611	0	0.74961585176643	0.8110465	0.001571833	17.96511	17.74815	-1.42185258754027
612	0	0.74795779818669	0.7238372	0.0008005783	17.91278	17.738	-1.31558049702735
613	0	0.674579771794379	0.7296512	0.001475094	17.80114	17.50402	-0.908498108458122
614	0	0.748729326948524	0.7296512	0.001770648	17.92665	17.65705	-1.74980276722481
615	0	0.704979301150888	0.7005814	0.001846972	17.81257	17.55474	-1.41382514574777
616	0	0.730738681019284	0.8081395	0.001963769	18.1912	17.91634	-2.21623263300199
617	0	0.673848086711951	0.6569767	0.001972283	17.61917	17.31059	-0.690924759847604
618	0	0.679769167676568	0.6598837	0.001395537	17.52454	17.11871	-0.585969609629482
619	0	0.663686185446568	0.6831395	0.002045949	17.6187	17.23858	-0.88932672836966
61	0	0.653399642463773	0.7325581	0.00214734	17.67108	17.31399	-0.907005361881882
620	0	0.71754223650787	0.6598837	0.002177056	17.70464	17.37634	-0.697376861529638
621	0	0.7114104636712	0.7645349	0.002442048	17.86988	17.51453	-1.2781230215162
622	0	0.697317514126189	0.75	0.002137902	17.86144	17.57628	-1.37682910885787
623	0	0.724160513025708	0.7063953	0.0008880172	17.84993	17.58377	-1.21112006132132
624	0	0.674657410569489	0.627907	0.001728014	17.85968	17.5884	-0.984350586689565
625	0	0.737885472085327	0.6918605	0.001108458	17.82246	17.58089	-1.15617368067204
626	0	0.705192943080328	0.7296512	0.001685007	17.86652	17.66749	-1.32758295310293
627	0	0.745555168041028	0.752907	0.001028206	17.81405	17.59709	-0.978783043765501
628	0	0.673251097183675	0.6133721	0.001610451	17.53797	17.12419	-0.437510351334682
629	0	0.710840388550423	0.7674419	0.001080716	17.80032	17.52143	-1.15279350824885
62	0	0.744549257145263	0.6395349	0.001217543	17.63594	17.25789	-0.712970100346227
630	0	0.717094416613691	0.7616279	0.001361181	17.83307	17.50362	-1.02077314497802
631	0	0.656507128942758	0.6947674	0.001891689	17.72293	17.33942	-0.892723647339053
632	0	0.730173511663452	0.7122093	0.001670984	17.63915	17.30623	-0.834457228380702
633	0	0.706137443287298	0.6976744	0.001082173	17.85598	17.61352	-0.968569220077173
634	0	0.706916921259835	0.6540698	0.001682585	17.75189	17.44453	-0.920921603398203
635	0	0.694870873633772	0.6976744	0.001948824	17.48383	17.21614	-0.947036280818388
636	0	0.744374212692492	0.7412791	0.001519988	17.74053	17.43828	-1.09791489481907
637	0	0.749156134272926	0.7790698	0.001685077	17.87289	17.61191	-1.43840005036481
638	0	0.726109780557454	0.6598837	0.002763466	17.73267	17.44995	-1.23025091536886
639	0	0.660870434017852	0.6918605	0.001670571	17.72839	17.36193	-0.829635168336865
63	0	0.669604192883708	0.6627907	0.001975759	17.70932	17.41485	-0.916101643842204
640	0	0.655361022730358	0.6889535	0.002091897	17.63598	17.28811	-0.513195404826575
641	0	0.728935550386086	0.622093	0.001666589	17.82034	17.59212	-1.28757804200812
642	0	0.66922615270596	0.6918605	0.002126098	17.73947	17.31097	-0.810620386208071
643	0	0.668971571489237	0.630814	0.002263038	17.81916	17.49454	-0.88920724932333
644	0	0.650925136916339	0.7122093	0.00139922	17.66396	17.29691	-0.865561381026406
645	0	0.652148057427257	0.5726744	0.001451488	17.51353	17.19037	-0.51638659947368
646	0	0.663940768525936	0.6133721	0.002275563	17.08005	17.03318	-0.13847194080733
647	0	0.738917266530916	0.6976744	0.0012705	17.83372	17.59198	-1.19466501441476
648	0	0.749117939965799	0.7877907	0.001045198	17.84692	17.51661	-1.11032034080089
649	0	0.699716758122668	0.7412791	0.002133755	17.73295	17.45812	-1.02425606760996
64	0	0.658038952178322	0.7063953	0.001955278	17.66741	17.34606	-0.839782399131531
650	0	0.666306214313954	0.7790698	0.001867775	17.64939	17.31356	-0.880691727779059
651	0	0.707461678795516	0.7034884	0.002200428	17.67089	17.26399	-0.770665506211999
652	0	0.718846669653431	0.7238372	0.001523914	17.85939	17.57961	-0.745166773999464
653	0	0.743163671623915	0.7848837	0.00172814	17.8657	17.67422	-1.64099745217741
654	0	0.65725317064207	0.6744186	0.0009739906	17.61172	17.19087	-0.837595659398741
655	0	0.726296311779879	0.7819767	0.002432071	18.00833	17.79165	-1.30340687707621
656	0	0.706784556480125	0.6686047	0.001201187	17.70218	17.41704	-0.899178108858852
657	0	0.68038535611704	0.7412791	0.001487143	17.79141	17.50743	-1.48815431385554
658	0	0.686407421180047	0.6802326	0.001707618	17.64223	17.28376	-0.948066076558125
659	0	0.744236234016716	0.6133721	0.001809226	17.70048	17.36507	-0.977327738727919
65	0	0.703063956322148	0.7412791	0.001994504	17.76238	17.40754	-1.032995401541
660	0	0.66400511127431	0.6104651	0.001734648	17.55584	17.18211	-0.671050096719968
661	0	0.689234993280843	0.6686047	0.001722856	17.73173	17.42741	-0.953769337681674
662	0	0.749364639492705	0.7703488	0.001787424	17.72413	17.41893	-1.01787705270051
663	0	0.730286127352156	0.7645349	0.0009336971	17.97934	17.71251	-1.73302422800435
664	0	0.747536593745463	0.7703488	0.001477136	18.04852	17.81882	-1.43969348523293
665	0	0.70589317320846	0.755814	0.001146511	17.91119	17.639	-1.21328836006202
666	0	0.733231214829721	0.747093	0.001535269	17.83269	17.56745	-1.06658793010295
667	0	0.667885616514832	0.6046512	0.002003421	16.94524	16.95903	-0.300567133935389
668	0	0.662572981556877	0.6656977	0.001951774	17.52354	17.21214	-0.84808388543153
669	0	0.718669992801733	0.7034884	0.002145713	17.85475	17.5845	-1.56732423533779
66	0	0.716986636677757	0.619186	0.001717212	17.73636	17.40812	-0.852907939123428
670	0	0.726402500411496	0.747093	0.001803666	17.81742	17.53023	-1.09573669961755
671	0	0.705354771832935	0.7267442	0.001601017	17.87723	17.63569	-1.44869489543593
672	0	0.666646982776001	0.6744186	0.002472892	17.65229	17.2606	-0.910019187215605
673	0	0.677531020273454	0.619186	0.002035645	17.83092	17.55122	-1.1269752788864
674	0	0.71308170221746	0.7325581	0.002341381	17.7449	17.3997	-1.10256379143405
675	0	0.734924582974054	0.7325581	0.0009802859	17.7929	17.53206	-1.1844766047202
676	0	0.658041569963098	0.6918605	0.002108145	17.78511	17.4318	-0.978337435534035
677	0	0.742578571802005	0.7616279	0.001808467	17.77722	17.60958	-1.1875838438881
678	0	0.671225330792367	0.6715116	0.002119588	17.60336	17.26435	-0.783675404872847
679	0	0.651743410015479	0.6744186	0.002294975	17.45573	17.23219	-0.94406073507106
67	0	0.734490322414786	0.7209302	0.00140343	17.84035	17.60546	-0.977198053489183
680	0	0.69882300561294	0.752907	0.001792436	17.72103	17.41334	-1.07900508455582
681	0	0.66783150115516	0.7412791	0.001769079	17.76932	17.51257	-0.857946176267758
682	0	0.704440726386383	0.7034884	0.002360846	17.91229	17.65326	-1.53468023965457
683	0	0.726234369562007	0.6104651	0.001710241	17.7201	17.40181	-0.757994542048226
684	0	0.672851668274961	0.7180233	0.001736323	17.73205	17.40324	-0.779546007570161
685	0	0.663804683974013	0.6511628	0.002531919	17.64928	17.32813	-1.12418455692643
686	0	0.662065295805223	0.7180233	0.002229785	17.66202	17.29119	-0.691035579313665
687	0	0.736627095704898	0.7151163	0.00145818	17.85562	17.64377	-1.52640137630675
688	0	0.688805756159127	0.7703488	0.001092669	17.77696	17.49809	-0.947512874874202
689	0	0.677861408586614	0.7209302	0.001420369	17.74426	17.49108	-0.949052614654119
68	0	0.726835550251417	0.6395349	0.002282817	17.72367	17.41344	-0.854065161604885
690	0	0.698266508802772	0.6947674	0.001485236	17.65781	17.31835	-0.996620282235844
691	0	0.694131674245	0.6482558	0.002444925	17.58124	17.25833	-0.714862105939706
692	0	0.66148342853412	0.7151163	0.002020372	17.67803	17.37453	-0.876820790047593
693	0	0.743519442365505	0.6976744	0.002140066	17.76065	17.4976	-1.04574059804824
694	0	0.714435141952708	0.744186	0.0008963	17.78417	17.57119	-1.11929738192088
695	0	0.655907508824021	0.6802326	0.001821402	17.39455	17.20491	-0.717366624147842
696	0	0.699391845078208	0.6366279	0.001822588	17.76364	17.42404	-0.966918427482723
697	0	0.673207414429635	0.7267442	0.001480967	17.86808	17.55721	-1.64107282071178
698	0	0.669668565574102	0.7151163	0.001376161	17.70076	17.44261	-0.916407172053154
699	0	0.707229842036031	0.6715116	0.001806261	17.74257	17.35262	-0.761717047080048
69	0	0.684463981632143	0.6627907	0.001524885	17.60666	17.31088	-0.866673836257006
6	0	0.711068027606234	0.6744186	0.001158644	17.81787	17.47823	-1.16114814158639
700	0	0.661500857002102	0.7412791	0.001893799	17.6021	17.26966	-0.603124431007698
701	0	0.721926693385467	0.6976744	0.001014478	17.76864	17.42744	-0.768412119290945
702	0	0.749909585807472	0.747093	0.001919958	18.12199	17.92829	-1.86753518989715
703	0	0.698103956738487	0.6627907	0.00186269	17.67925	17.42814	-0.933082521380812
704	0	0.662561328453012	0.5930233	0.001894974	17.62497	17.21859	-0.699392188013074
705	0	0.699461197573692	0.6773256	0.001159816	17.66037	17.30275	-0.759048322071804
706	0	0.729197709495202	0.7180233	0.001210789	17.80509	17.47965	-1.18240657960153
707	0	0.739106179052033	0.7790698	0.001249033	17.9497	17.78043	-1.50409402277028
708	0	0.695023820851929	0.75	0.001581634	17.87972	17.63497	-1.69738646255707
709	0	0.725363257434219	0.6482558	0.001961694	17.69931	17.3389	-1.01769542518687
70	0	0.676916445884854	0.6918605	0.002494524	17.77948	17.36037	-0.850536668129967
710	0	0.663381088594906	0.630814	0.001347925	17.64572	17.3145	-0.599696555882949
711	0	0.689910966996104	0.630814	0.001363301	17.71279	17.39244	-0.763649014410113
712	0	0.711668837978505	0.8343023	0.002141466	17.89797	17.62094	-1.27501723222503
713	0	0.69186475512106	0.625	0.001864008	17.50481	17.23246	-0.582471424233053
714	0	0.689813165785745	0.7063953	0.001423596	17.80569	17.45662	-1.28855469978518
715	0	0.682743466645479	0.6831395	0.002006533	17.18345	16.98518	-0.00241307979321112
716	0	0.662882529408671	0.6337209	0.001782425	17.67107	17.3714	-0.792798267963925
717	0	0.706524927122518	0.7238372	0.00153833	17.87785	17.62592	-1.36018469453525
718	0	0.685920073557645	0.75	0.001313404	17.98154	17.73944	-1.92773909044417
719	0	0.677236358053051	0.6860465	0.002051969	17.76966	17.51374	-1.2903386508388
71	0	0.671239523007534	0.7325581	0.001921521	17.52717	17.15016	-0.778840004765061
720	0	0.691654237592593	0.6627907	0.002044044	17.67852	17.38181	-0.710700264113887
721	0	0.658551417500712	0.6802326	0.0024633	17.79137	17.3959	-1.04612682259935
722	0	0.696254714787938	0.755814	0.001211024	17.73486	17.43426	-0.79210824335439
723	0	0.667152392445132	0.627907	0.002024361	17.84637	17.54896	-0.986311165075801
724	0	0.712701514898799	0.7209302	0.001358063	17.68536	17.34071	-0.755333282549206
725	0	0.695289833773859	0.752907	0.001287128	17.7356	17.41195	-0.828492446535415
726	0	0.656760915438645	0.7034884	0.002147603	17.65195	17.37198	-1.04036776097033
727	0	0.68503546861466	0.7383721	0.001325181	17.64137	17.21614	-0.874420704240001
728	0	0.659435482742265	0.619186	0.002321142	17.64084	17.297	-0.859563667624869
729	0	0.674815078545362	0.7063953	0.001178946	17.79557	17.54571	-1.02118844110754
72	0	0.713304244540632	0.747093	0.00153669	17.85585	17.56867	-0.866349631952426
730	0	0.682488730875775	0.6395349	0.001574869	17.79375	17.49631	-1.23058653299841
731	0	0.702590473671444	0.6598837	0.002344095	17.67484	17.37823	-0.981882031130671
732	0	0.713059002137743	0.7063953	0.0009932852	17.81022	17.54125	-1.29409287993144
733	0	0.671710311924107	0.7034884	0.001719639	17.64918	17.41089	-0.954404694549864
734	0	0.682953130151145	0.6918605	0.002049664	17.71725	17.45638	-0.955175285058056
735	0	0.665370260900818	0.5843023	0.002497314	17.53254	17.26197	-0.81017232906105
736	0	0.702734886668622	0.6744186	0.001711707	17.51458	17.20896	-0.813178590000388
737	0	0.674842448648997	0.7151163	0.002620223	17.78616	17.52619	-1.48627502654216
738	0	0.677671699179336	0.7093023	0.002456357	17.9097	17.5913	-1.22919974203406
739	0	0.712210636981763	0.6540698	0.001289441	17.73469	17.47325	-0.929437069468586
73	0	0.724504147004336	0.7906977	0.001660652	17.69188	17.38194	-1.20443268743015
740	0	0.696385645749979	0.7383721	0.002405722	17.84129	17.54272	-1.00563556955541
741	0	0.671481329970993	0.622093	0.001518379	17.70882	17.42663	-0.773748762504481
742	0	0.700465350947343	0.7209302	0.001626763	17.67665	17.37392	-1.00162143609481
743	0	0.678488432569429	0.7093023	0.002095562	17.69722	17.3891	-0.514774300311567
744	0	0.658305213460699	0.6889535	0.001716911	17.72347	17.34963	-0.892657179829375
745	0	0.745157155231573	0.7122093	0.0009113075	17.85175	17.63015	-1.34771487265243
746	0	0.716809011320584	0.7296512	0.001145834	17.69929	17.4075	-1.08625661627589
747	0	0.738158285431564	0.7354651	0.001359642	17.88111	17.7193	-1.17427756922886
748	0	0.697950563835911	0.6540698	0.001847746	17.71394	17.47397	-1.10922025262364
749	0	0.655865864828229	0.6802326	0.001761126	17.74174	17.49649	-1.14027354336494
74	0	0.66188544111792	0.6773256	0.00215946	17.77288	17.38984	-0.536503490114314
750	0	0.701058849459514	0.6686047	0.001598223	17.59449	17.18081	-0.796241607746464
751	0	0.650340188853443	0.6715116	0.002165417	17.53504	17.22948	-0.602777725109752
752	0	0.664584841672331	0.5610465	0.001421664	17.62974	17.28242	-0.86005288577257
753	0	0.665173168503679	0.7093023	0.002117477	17.65766	17.33674	-0.891188036009746
754	0	0.741753650968894	0.7906977	0.001371926	17.8157	17.58263	-1.33893124832815
755	0	0.727996271383017	0.6947674	0.001591167	17.707	17.38581	-0.74313806483795
756	0	0.697026729816571	0.6424419	0.001035268	17.84561	17.4681	-1.01854048426646
757	0	0.65680020689033	0.6656977	0.001786737	17.66243	17.22828	-0.724874562881214
758	0	0.699135933630168	0.7005814	0.001945261	17.74337	17.44984	-1.26519374005613
759	0	0.685474109393544	0.6918605	0.00180886	17.6679	17.38416	-0.730729689675676
75	0	0.7082743848674	0.6656977	0.0009847236	17.88366	17.58994	-1.28415001604477
760	0	0.65584817850031	0.6627907	0.001823014	17.59443	17.31877	-1.05551412717657
761	0	0.661541505833156	0.7063953	0.001447289	17.67873	17.35666	-0.82164145768587
762	0	0.72329085113015	0.7238372	0.002112534	17.80786	17.48661	-1.16372842019087
763	0	0.68421167077031	0.7005814	0.001363443	17.79055	17.5756	-1.25788412758486
764	0	0.729084252030589	0.7848837	0.001445774	17.82381	17.50274	-1.3221519933892
765	0	0.745097873010673	0.6889535	0.001601001	17.73908	17.48846	-1.04431561821471
766	0	0.678844787995331	0.5843023	0.001338979	17.60423	17.20509	-0.463257721488191
767	0	0.7333854152821	0.747093	0.001311608	17.98683	17.71539	-1.40022265521131
768	0	0.699939424474724	0.6133721	0.001862631	17.72196	17.23022	-0.745558131878898
769	0	0.68487307485193	0.6395349	0.002379357	17.805	17.53925	-1.30453753675552
76	0	0.692048172932118	0.6889535	0.002495162	17.64021	17.33002	-0.858304629523891
770	0	0.695845904271118	0.6773256	0.001197976	17.73158	17.4536	-0.891270817709447
771	0	0.727698097494431	0.7325581	0.001612286	17.84918	17.64863	-1.40974578459264
772	0	0.702103434316814	0.744186	0.002087725	17.28885	17.17789	-0.753307280458145
773	0	0.697650908608921	0.7122093	0.001437077	17.83478	17.54854	-1.05542400952073
774	0	0.674502978334203	0.6337209	0.001500276	17.64408	17.26493	-0.562498271899177
775	0	0.737276853388175	0.7034884	0.002283449	17.73488	17.45208	-1.26584145926264
776	0	0.723578270548023	0.6453488	0.002146037	17.72474	17.45507	-1.17231670361122
777	0	0.652646582946181	0.6511628	0.002302441	17.66488	17.28612	-0.972092701475849
778	0	0.728065395704471	0.7151163	0.002539624	17.90504	17.49398	-1.29216305593542
779	0	0.704357494716533	0.6627907	0.001466017	17.7923	17.39048	-0.946234266266186
77	0	0.72570551794488	0.7180233	0.001804934	17.7415	17.4432	-0.856165341173744
780	0	0.653921516402625	0.6162791	0.001652528	17.62825	17.26173	-0.606084169803014
781	0	0.738356175692752	0.7209302	0.001354223	17.85085	17.5995	-1.54999934675215
782	0	0.746031409874558	0.7122093	0.001452974	17.91376	17.67577	-1.13314210747624
783	0	0.747322302893735	0.7383721	0.001640477	18.04358	17.85781	-1.82039235068575
784	0	0.742659078398719	0.8081395	0.001182368	18.12719	17.85435	-1.62659466669633
785	0	0.667994229402393	0.6133721	0.002144955	17.60832	17.25028	-0.961466805481845
786	0	0.725027075433172	0.6773256	0.001448054	17.60733	17.38206	-0.992603130998855
787	0	0.665069432044402	0.5813953	0.002032261	17.73363	17.37096	-0.841430421182282
788	0	0.681694950652309	0.7412791	0.001570394	17.70058	17.36421	-1.00567479781104
789	0	0.696406927425414	0.6860465	0.001388779	17.79222	17.42669	-1.27812490294907
78	0	0.688801774429157	0.7965116	0.001421849	17.70149	17.25249	-0.491972974481768
790	0	0.697391677135602	0.75	0.001312357	17.74802	17.46099	-0.880459806358934
791	0	0.705704820109531	0.7151163	0.001141058	17.85581	17.58865	-1.05018140636946
792	0	0.717873478867114	0.7209302	0.001295777	17.83239	17.61911	-1.37375502924897
793	0	0.682263405388221	0.6947674	0.001880072	17.79693	17.5131	-1.09299302749357
794	0	0.684671512921341	0.6366279	0.001615473	17.73752	17.42592	-0.914383058137166
795	0	0.692262965114787	0.7936047	0.001348548	17.8161	17.56316	-1.32776382300019
796	0	0.739295043586753	0.7790698	0.001132179	17.85476	17.60299	-1.39434379088391
797	0	0.675448961788788	0.6569767	0.00192332	17.58372	17.22266	-0.620231646787732
798	0	0.735890475823544	0.7645349	0.001074379	17.79048	17.53951	-1.38326103601331
799	0	0.689003978460096	0.7325581	0.001473978	17.74712	17.40742	-1.13551246228129
79	0	0.723051480436698	0.6627907	0.001359657	17.77012	17.36876	-1.05842362919174
7	0	0.660478763002902	0.6511628	0.001891131	17.64452	17.28677	-0.576396894328616
800	0	0.680334575148299	0.7587209	0.002174462	17.67954	17.3874	-0.756317349015562
801	0	0.719891274068505	0.7325581	0.001957846	18.06279	17.72486	-1.65648664239489
802	0	0.665955102886073	0.6569767	0.001229851	17.79374	17.53535	-0.718232865607026
803	0	0.701180703588761	0.7180233	0.001993184	17.71279	17.45446	-0.895536008902324
804	0	0.683898437162861	0.7122093	0.001807937	17.82169	17.4932	-1.07169032907207
805	0	0.679606834286824	0.5959302	0.002564597	17.1124	17.02019	-0.4604415307061
806	0	0.657376006175764	0.625	0.001246393	17.67203	17.36373	-0.863060199613946
807	0	0.744181380979717	0.7034884	0.001885581	17.75668	17.45571	-0.791401295278729
808	0	0.655135369347408	0.6482558	0.001492401	17.81462	17.50845	-1.1009893359827
809	0	0.730308109242469	0.6976744	0.002144863	17.75013	17.44291	-0.718111542454951
80	0	0.6779324791627	0.747093	0.002313195	17.72349	17.46264	-1.2816952341431
810	0	0.69507453024853	0.747093	0.00155461	17.70259	17.42641	-1.1263756996714
811	0	0.743704154109582	0.7238372	0.001287094	17.73332	17.56127	-1.02701002365273
812	0	0.734499729447998	0.6569767	0.002982178	17.66234	17.30224	-0.832047370529771
813	0	0.665997884352691	0.619186	0.001794555	17.66954	17.31784	-0.771752444043972
814	0	0.743802281073295	0.7616279	0.001534083	17.72554	17.51199	-1.50289574961486
815	0	0.681066365749575	0.6453488	0.00254487	17.88934	17.52341	-1.02053102981015
816	0	0.7137515893206	0.747093	0.001128731	17.90764	17.64527	-1.35325023794781
817	0	0.689771842071787	0.7383721	0.00159231	17.71458	17.43556	-1.0520591565777
818	0	0.744322125101462	0.7412791	0.0017108	17.80041	17.42527	-1.41584923500047
819	0	0.666690896055661	0.6453488	0.00136409	17.72932	17.42423	-0.796512369101249
81	0	0.689743015891872	0.7703488	0.001321791	17.73388	17.39622	-0.762356725252728
820	0	0.690589882968925	0.7383721	0.001800448	17.73316	17.43645	-1.08001268837059
821	0	0.716039332631044	0.7936047	0.001388646	17.87154	17.5894	-1.35747347643731
822	0	0.734140212554485	0.6976744	0.001507807	17.87777	17.56853	-0.97436577834671
823	0	0.71774899684824	0.6918605	0.001442306	17.8303	17.62335	-1.44353929070431
824	0	0.669906733348034	0.7063953	0.001612379	17.78461	17.42859	-0.836617524306351
825	0	0.746244156849571	0.8110465	0.002506849	17.80686	17.53238	-1.01626743929623
826	0	0.743229525256902	0.7994186	0.001550245	18.13349	17.91959	-2.12358747284652
827	0	0.71517670545727	0.7267442	0.001896453	17.91008	17.67407	-1.25608521684338
828	0	0.68320670274552	0.6627907	0.001580326	17.91737	17.67746	-1.56698086256587
829	0	0.68370417682454	0.6627907	0.002783546	17.6104	17.28395	-0.691386839548278
82	0	0.698724652547389	0.7122093	0.001455017	17.79374	17.41326	-0.938074635244791
830	0	0.652394100488164	0.7151163	0.001973403	17.88725	17.61505	-1.3464177216085
831	0	0.726389194536023	0.869186	0.001836666	17.93373	17.6944	-1.15811484601313
832	0	0.748294641077518	0.8226744	0.001558317	17.88208	17.64877	-1.28914750921767
833	0	0.711686590919271	0.7063953	0.001836778	17.89364	17.67098	-1.2078153677352
834	0	0.665311232605018	0.7180233	0.002088886	17.63482	17.23409	-0.89794808660888
835	0	0.68575277661439	0.6569767	0.001654878	17.80871	17.56278	-1.04225819888699
836	0	0.71751173408702	0.7063953	0.001557177	17.59858	17.26138	-0.981620702891907
837	0	0.682963727298193	0.6831395	0.001043846	17.38387	17.14394	-0.556051101510225
838	0	0.688933785376139	0.6889535	0.001717025	17.77901	17.49176	-1.12709196557458
839	0	0.655996674089693	0.6395349	0.002028608	17.70444	17.25492	-0.40138090145007
83	0	0.668536538607441	0.6162791	0.001740329	17.67892	17.27342	-0.617193980883343
840	0	0.655369429453276	0.6395349	0.001638449	17.50189	17.22194	-0.629633128065775
841	0	0.712577537912875	0.8226744	0.001868432	17.99756	17.7317	-1.58450501505022
842	0	0.729676589509472	0.6686047	0.002130565	17.74427	17.36218	-0.637802549576754
843	0	0.714122970239259	0.7354651	0.0009729376	17.84322	17.61084	-1.24519846889108
844	0	0.654488690616563	0.7093023	0.001207415	17.73175	17.3795	-0.897484212317664
845	0	0.733991169161163	0.7325581	0.00179938	17.86651	17.6579	-1.3756914715446
846	0	0.717420717864297	0.7877907	0.001720942	17.82683	17.55021	-1.07270805521083
847	0	0.686471768724732	0.5523256	0.002342254	17.58423	17.23964	-0.783065681764196
848	0	0.687777579342946	0.6482558	0.002736762	17.75317	17.41668	-0.892885053316096
849	0	0.68653837677557	0.6744186	0.002053482	17.8343	17.53309	-1.11513581079585
84	0	0.725589779624715	0.7238372	0.001401444	17.79053	17.51995	-0.857968650912142
850	0	0.650516882166266	0.6453488	0.001477766	17.72559	17.4309	-0.734104375062597
851	0	0.732189195160754	0.7616279	0.001939911	17.9548	17.5395	-0.851171378380923
852	0	0.71541880692821	0.7209302	0.002051251	17.96108	17.82077	-1.54486226962062
853	0	0.691505115735345	0.75	0.001751548	17.64995	17.38956	-1.03868980250315
854	0	0.685844284342602	0.6424419	0.001373223	17.683	17.29109	-0.758457120127902
855	0	0.710553879733197	0.7093023	0.001372145	17.79282	17.53327	-1.08284329029769
856	0	0.694668237213045	0.6424419	0.001869865	17.55495	17.2275	-0.765467687239912
857	0	0.670067190844566	0.7034884	0.001732114	17.68343	17.32	-0.958696111723531
858	0	0.713520724605769	0.7005814	0.002038864	17.76191	17.37227	-0.877739958874133
859	0	0.694658840936609	0.6046512	0.001196696	17.72404	17.22479	-0.767385567370494
85	0	0.730873746541329	0.7994186	0.001132708	17.73628	17.43454	-0.836013039715681
860	0	0.659229083266109	0.6918605	0.001819316	17.73889	17.45005	-1.01060616176671
861	0	0.707936756312847	0.6831395	0.001795212	17.67768	17.40212	-0.722261779842897
862	0	0.682219077902846	0.6162791	0.002686959	17.57834	17.22493	-0.443056221987736
863	0	0.672995223384351	0.6715116	0.002076593	17.67491	17.35709	-0.794296591290512
864	0	0.660875234170817	0.6366279	0.001228849	17.60261	17.1441	-0.865095022640132
865	0	0.692635090532713	0.6104651	0.00131605	17.69476	17.31213	-0.683376862693061
866	0	0.712138148909435	0.6744186	0.001457193	17.99703	17.61877	-1.14203753628347
867	0	0.691426063328981	0.6337209	0.00198448	17.63095	17.26491	-0.712613037536491
868	0	0.705335905426182	0.6424419	0.002454258	17.82574	17.50261	-0.771198477558892
869	0	0.731075780140236	0.6337209	0.001941365	17.70612	17.40735	-0.780914771356929
86	0	0.711538055702113	0.7325581	0.002271867	17.84785	17.65641	-1.08607669651383
870	0	0.660235421918333	0.6976744	0.001969331	17.67622	17.36005	-0.911695265406098
871	0	0.691563277249225	0.6715116	0.001825899	17.76694	17.50059	-0.874914723026571
872	0	0.748432336235419	0.7354651	0.001642091	17.92752	17.6777	-1.58671313200045
873	0	0.691941920947283	0.6976744	0.001325873	17.71144	17.40619	-0.858927826398067
874	0	0.723287565005012	0.6889535	0.001406275	17.79999	17.5488	-1.39341142593078
875	0	0.732530839066021	0.7412791	0.001272793	17.87134	17.58011	-1.38126772230855
876	0	0.690979504771531	0.7180233	0.002433865	17.72978	17.47559	-1.31113605006877
877	0	0.715453736484051	0.6686047	0.0009105264	17.75842	17.46136	-1.00565783492727
878	0	0.739120987104252	0.8430233	0.001188812	18.05229	17.86787	-1.9662525695402
879	0	0.67848894954659	0.6656977	0.001313219	17.68839	17.35263	-0.982991923148411
87	0	0.69488325600978	0.7180233	0.002256828	17.68836	17.29586	-0.944584138642476
880	0	0.704726110817865	0.6889535	0.00154455	17.73175	17.46798	-0.916137039331849
881	0	0.732690501026809	0.6976744	0.001818933	17.97202	17.75043	-1.88268734191333
882	0	0.676690036081709	0.6802326	0.001252465	17.62274	17.21644	-0.68400075412385
883	0	0.706703042634763	0.6976744	0.001100397	17.8176	17.54291	-0.97222447489855
884	0	0.682745306333527	0.7296512	0.001677332	17.7715	17.60258	-1.09332397854329
885	0	0.657522117393091	0.619186	0.00126685	17.73261	17.46796	-0.881667468222654
886	0	0.724417348625138	0.6773256	0.001155289	17.77654	17.51436	-0.566646532017899
887	0	0.663620852399617	0.5930233	0.00150381	17.71712	17.3271	-0.560475447547655
888	0	0.737758144014515	0.7936047	0.001156934	17.81951	17.50395	-0.874452249456037
889	0	0.719836695934646	0.7703488	0.001548211	17.75975	17.51194	-1.53968911614071
88	0	0.662225957307965	0.7151163	0.00106455	17.76562	17.30156	-0.831582648096566
890	0	0.665011954656802	0.622093	0.001353548	17.78217	17.50566	-1.20286341402569
891	0	0.685092487209477	0.6424419	0.001859547	17.72348	17.37614	-0.850251173564592
892	0	0.699308995041065	0.7034884	0.001265135	17.42728	17.25247	-0.518538743167168
893	0	0.693478592671454	0.619186	0.001729474	17.69936	17.35893	-0.530781084630629
894	0	0.665072945295833	0.7238372	0.002427692	17.6741	17.41197	-0.846377737170489
895	0	0.74223795668222	0.6976744	0.002948085	17.96467	17.66371	-1.09057466521839
896	0	0.713283547433093	0.6017442	0.00193931	17.6484	17.40273	-1.00720124473944
897	0	0.668667576112784	0.6511628	0.002286193	17.41381	17.17338	-0.536754338868753
898	0	0.71224554546643	0.6162791	0.001449623	17.70468	17.45653	-0.904648337791796
899	0	0.695020652958192	0.6598837	0.001845633	17.67516	17.41491	-1.06550149274697
89	0	0.729744894127361	0.747093	0.002221329	17.77061	17.4702	-1.02560667088724
8	0	0.712762343953364	0.6889535	0.001948465	17.69135	17.37658	-0.968519448991239
900	0	0.70844669311773	0.7122093	0.001135678	17.57526	17.25407	-0.830576613552289
901	0	0.715429331618361	0.7180233	0.003044691	17.79796	17.60325	-0.951691849982911
902	0	0.73700810209848	0.752907	0.003214229	17.82134	17.50349	-0.821115499275337
903	0	0.749718623841181	0.7936047	0.001465346	17.93758	17.71165	-1.49965013960645
904	0	0.652748223766685	0.6627907	0.001328058	17.55751	17.2387	-0.714023612814066
905	0	0.722984445258044	0.7674419	0.001180224	17.68007	17.36339	-0.932774285845979
906	0	0.678282632934861	0.6656977	0.002138864	17.68048	17.39149	-1.02155343284658
907	0	0.694303749338724	0.6133721	0.001895314	17.51006	17.18937	-0.530281096382981
908	0	0.680890262452886	0.7063953	0.00179817	17.77725	17.48629	-0.750995823542602
909	0	0.72831009326037	0.6976744	0.001041577	17.77183	17.49353	-0.886996268056401
90	0	0.700997372670099	0.6366279	0.001754341	17.73885	17.50403	-0.788601364563096
910	0	0.70253667559009	0.7238372	0.001386341	17.80885	17.50703	-1.19974143283104
911	0	0.675133892917074	0.6424419	0.00115939	17.54826	17.13873	-0.48571124901973
912	0	0.726557781780139	0.7848837	0.001223926	17.749	17.49956	-1.07016945300694
913	0	0.731191294197924	0.6889535	0.001745045	17.92063	17.53163	-0.951809714830208
914	0	0.700172380683944	0.6540698	0.003196818	17.71718	17.37599	-0.838825218968075
915	0	0.650567143736407	0.6133721	0.002324708	17.6738	17.3437	-0.800309666960015
916	0	0.71516172750853	0.6744186	0.00148346	17.76683	17.431	-0.661166721021168
917	0	0.673245328734629	0.6482558	0.001543994	17.59902	17.24824	-1.0180649356985
918	0	0.740988409146667	0.6424419	0.001587037	17.87107	17.54432	-1.0085324550429
919	0	0.743931206967682	0.6424419	0.002579144	17.82966	17.65855	-1.70491781252763
91	0	0.661008723708801	0.627907	0.00231748	17.09249	17.11038	-0.751337129420022
920	0	0.720182400895283	0.6947674	0.001604912	17.59426	17.22333	-0.574420407537766
921	0	0.722906235512346	0.6453488	0.001255822	17.7907	17.45269	-1.08652417149967
922	0	0.730815398995765	0.6773256	0.001183472	17.90525	17.61881	-1.24630057119849
923	0	0.737426432408392	0.7093023	0.002068404	17.73514	17.48415	-0.961956675281558
924	0	0.653782473341562	0.6744186	0.001639142	17.77014	17.53341	-1.16729680949782
925	0	0.693816513381898	0.7965116	0.002512139	17.75071	17.38389	-0.800484568285327
926	0	0.739802075433545	0.7790698	0.0009346454	17.82202	17.5634	-1.35574479253822
927	0	0.720786854950711	0.6540698	0.001276727	17.70906	17.37887	-0.967036208035974
928	0	0.725916449655779	0.7965116	0.001078418	18.02048	17.80728	-1.33891966807563
929	0	0.689637776440941	0.6511628	0.001722935	17.6466	17.20659	-0.742877514786203
92	0	0.676640522270463	0.6598837	0.001188761	17.69817	17.31226	-0.773322560122603
930	0	0.668425051821396	0.6162791	0.00235544	17.69561	17.32288	-0.533458811477418
931	0	0.658885655808263	0.6773256	0.001822729	17.73399	17.43814	-0.864383242724098
932	0	0.675129412487149	0.7209302	0.002075731	17.61921	17.26442	-0.674934741177655
933	0	0.679535954724997	0.6947674	0.001937191	17.74152	17.56288	-1.08867137201574
934	0	0.650753388390876	0.7703488	0.001599784	17.72045	17.35474	-1.1131760502125
935	0	0.683634749148041	0.6686047	0.001257822	17.81043	17.56026	-0.909175670188252
936	0	0.693941563297994	0.7383721	0.0009366836	17.84771	17.70176	-1.45026915954946
937	0	0.736115256277844	0.7034884	0.00141484	17.84997	17.52885	-1.19220173619053
938	0	0.653219634760171	0.6540698	0.001399989	17.59978	17.2777	-0.654651507972145
939	0	0.730450680386275	0.7325581	0.001377777	18.02207	17.73094	-1.66709504231986
93	0	0.66572319236584	0.6831395	0.002889356	17.72402	17.38978	-0.724590324839057
940	0	0.663361740321852	0.5290698	0.002243588	17.51453	17.16317	-0.790394933265486
941	0	0.721288014575839	0.7034884	0.00209835	17.689	17.35843	-0.991659301191029
942	0	0.699507944448851	0.6569767	0.0009858945	17.63685	17.28832	-0.805118436172565
943	0	0.713261836022139	0.7674419	0.001002844	17.81577	17.55982	-1.16274709210913
944	0	0.664651270024478	0.6686047	0.001670479	17.55855	17.13758	-0.682982944597809
945	0	0.728620742424391	0.7267442	0.001809093	17.86897	17.69169	-1.1759192091587
946	0	0.667286783177406	0.6366279	0.001162993	17.73494	17.42421	-0.755391647226148
947	0	0.692975609051064	0.6889535	0.002064594	17.75087	17.4073	-0.741950603585449
948	0	0.692233483283781	0.7034884	0.002005613	17.63313	17.3037	-0.528728765631942
949	0	0.743734755506739	0.7412791	0.002351337	17.91942	17.65801	-1.55851726952607
94	0	0.691686296253465	0.6831395	0.002697155	17.73251	17.41844	-1.16032235488779
950	0	0.738753352942876	0.7645349	0.002037559	17.76829	17.37819	-0.792027121027885
951	0	0.694613732444122	0.7151163	0.001521962	17.81274	17.58537	-1.47955717868812
952	0	0.676224549114704	0.6482558	0.001073369	17.64868	17.39998	-1.07538749881844
953	0	0.714942837785929	0.7034884	0.002028748	17.83681	17.48341	-1.16437187873007
954	0	0.741148273204453	0.6918605	0.001298095	17.90629	17.44977	-1.3578393798596
955	0	0.749379594158381	0.7151163	0.001130481	17.97739	17.75442	-1.38848037271094
956	0	0.711897418485023	0.627907	0.00170379	17.62201	17.1775	-0.534880636265943
957	0	0.689150534127839	0.6802326	0.002017962	17.82716	17.49838	-0.78339812537654
958	0	0.725003941729665	0.7848837	0.001304392	17.93595	17.7915	-2.05461941925104
959	0	0.670285075902939	0.630814	0.001150934	17.67248	17.19084	-0.47447654685357
95	0	0.724350029649213	0.7005814	0.0008292216	17.73807	17.44517	-1.20164146436231
960	0	0.702610237826593	0.7063953	0.001854249	17.81198	17.55879	-1.21138955843709
961	0	0.703836589190178	0.7093023	0.001112136	17.72753	17.37107	-0.821131108789004
962	0	0.691674141655676	0.630814	0.00184184	17.75969	17.5086	-1.24833732604887
963	0	0.710019254428335	0.7122093	0.002131664	17.73968	17.45149	-0.91323576402471
964	0	0.706218413310125	0.7732558	0.001717354	18.0029	17.74525	-1.76768060185093
965	0	0.695842729508877	0.6773256	0.001090045	17.81503	17.52188	-0.951032013083859
966	0	0.723413944803178	0.7383721	0.00142208	17.75388	17.48665	-0.863118058546227
967	0	0.71932576962281	0.7761628	0.001503718	17.82738	17.51594	-1.16404409497966
968	0	0.692679762095213	0.6424419	0.001563402	17.56982	17.23817	-0.82884220478027
969	0	0.657099283114076	0.7063953	0.002066769	17.60077	17.35289	-0.716354805718597
96	0	0.672284229239449	0.6104651	0.001956503	17.64783	17.17178	-0.582396506659333
970	0	0.699306618981063	0.7063953	0.001464647	17.73702	17.36361	-1.0537989937898
971	0	0.707187934359536	0.6686047	0.001339844	17.76338	17.47102	-1.15845069118433
972	0	0.689500574744306	0.7180233	0.002288296	17.65495	17.35589	-1.08570909484381
973	0	0.72508969460614	0.6715116	0.001893868	17.75154	17.44307	-1.13519032317301
974	0	0.680922243045643	0.7063953	0.001840186	17.56392	17.23935	-0.522045533724109
975	0	0.653824103344232	0.6162791	0.001640775	17.65583	17.42916	-0.769884888647347
976	0	0.712545139784925	0.7761628	0.001450357	17.87678	17.6015	-1.23530078008469
977	0	0.716900408337824	0.6598837	0.002246474	17.73	17.42144	-0.868214171253121
978	0	0.724155866843648	0.8139535	0.001653426	17.78463	17.52958	-0.981220291024774
979	0	0.69658120656386	0.7325581	0.001388169	17.65237	17.24732	-0.575959851634286
97	0	0.675937492004596	0.7674419	0.00145354	17.80451	17.46131	-1.17593845921498
980	0	0.655642314860597	0.5610465	0.001725897	17.62692	17.26915	-0.641242480943419
981	0	0.654365978110582	0.6046512	0.001716389	17.59711	17.23173	-0.794710994687233
982	0	0.743027519830503	0.7093023	0.002293577	17.79452	17.51079	-0.860185597252866
983	0	0.717838434269652	0.7877907	0.001307858	18.07811	17.79693	-2.01389193140321
984	0	0.70012726103887	0.7877907	0.002276666	17.85142	17.56137	-0.984680688064532
985	0	0.677993768732995	0.6947674	0.001851164	17.81923	17.52674	-1.08522505655892
986	0	0.67300205854699	0.6860465	0.002593646	17.74072	17.45983	-1.25264897701694
987	0	0.650642622867599	0.6424419	0.002463288	17.2933	17.15948	-0.661494272660679
988	0	0.702986001432873	0.6627907	0.001840001	17.85754	17.4961	-1.20208115583178
989	0	0.679726236616261	0.5290698	0.003422004	17.60838	17.12683	-0.476859151184163
98	0	0.697992278635502	0.7063953	0.001256256	17.91963	17.58711	-1.10021093595846
990	0	0.73480498790741	0.6773256	0.002193557	17.8534	17.5838	-1.21296202288098
991	0	0.703523232368752	0.7616279	0.001688766	17.76928	17.52778	-1.21866972552452
992	0	0.681963018979877	0.6453488	0.001518488	17.75981	17.49826	-0.989815232221117
993	0	0.705704995105043	0.7703488	0.001754642	17.76258	17.31312	-0.909664408588394
994	0	0.665197438024916	0.7703488	0.002283048	17.60473	17.27741	-0.463326008683797
995	0	0.688089234149084	0.7819767	0.001262429	17.74749	17.31847	-0.61991554872003
996	0	0.732113622338511	0.7209302	0.001499391	17.85172	17.63253	-1.28144876843771
997	0	0.749197036749683	0.747093	0.001834449	17.82003	17.47705	-0.770992538889865
998	0	0.733770719449967	0.7122093	0.003739348	17.32516	17.12217	-1.10762406763635
999	0	0.68052931544371	0.7180233	0.001687408	17.67787	17.16093	-0.58779357558733
99	0	0.685856179706752	0.755814	0.002136592	17.7749	17.47805	-0.797467126839163
9	0	0.657432862953283	0.6627907	0.002041752	17.71495	17.36463	-0.914861809816136
