seed	s	m	bene_rank	bene_prop	mean_global	var_prop	var_prop_10Mb	q95_prop	median_tract	mean_tract	var_tract	q95_tract	length_75_prop	length_95_prop	avg_switches	global_75_prop	iDAT_score
910	0.198865148192272	0.704953832598403	0.9994602	0.9277404	0.8044655	0.0009302356	0.0002391907	0.8722794	18.07345	17.87837	0.6906603	18.84511	0.01134619	0.0004265484	15.35489	0.8022556	-2.19335009325795
911	0.0379578880034387	0.651930378144607	0.9976577	0.7419668	0.6919309	0.0002619861	9.742187e-05	0.7181836	17.66777	17.30822	1.003204	18.52496	0.0008800235	0	20.14911	0.2360902	-1.02960671576184
912	0.0970915010664612	0.740192490047775	0.9997752	0.8706965	0.7885553	0.000379532	0.0001592264	0.8283538	17.97188	17.75039	0.8020002	18.79366	0.007249176	0.000363595	15.83324	0.7297982	-1.80703722874771
913	0.0809026480652392	0.656928286631592	0.9998238	0.7988326	0.7180518	0.0004266629	0.0001720827	0.7518995	17.72459	17.38381	1.017938	18.59212	0.001213682	0	19.36658	0.3565493	-1.2028851288591
914	0.134684230480343	0.706450782367028	0.9996462	0.8742778	0.7717354	0.0007812837	0.0001862254	0.8282944	17.93409	17.70955	0.8060588	18.75381	0.005295795	0.000226316	16.90206	0.6450336	-1.68069241404568
915	0.184033380961046	0.72165127156768	0.9998765	0.9229323	0.8053598	0.0008333728	0.0002787211	0.867412	18.07404	17.8728	0.7517028	18.85787	0.01228427	0.0003644549	15.14846	0.8045113	-2.20382843421825
916	0.0188723368570209	0.714638203801587	0.9639423	0.7429759	0.7185742	0.000253374	2.635765e-05	0.7411357	17.72764	17.4	0.9843628	18.60395	0.001571238	5.326232e-05	18.9704	0.3564306	-1.15105214318746
917	0.162898224173114	0.682866820227355	0.9998933	0.9009497	0.7623892	0.001014546	0.0004073213	0.8339731	17.902	17.66366	0.8283899	18.72704	0.004260553	4.392322e-05	17.29901	0.5943015	-1.78170879891464
918	0.166637134412304	0.743736385111697	0.9997069	0.9231698	0.8241311	0.0005874174	0.0002586793	0.8677087	18.14886	17.9385	0.726954	18.91103	0.01886105	0.0009001865	14.12873	0.872774	-2.28909040590322
919	0.191232537804171	0.721102101868018	0.9999284	0.9294618	0.8066075	0.0007678195	0.0003425112	0.8678275	18.07303	17.86482	0.7424163	18.85765	0.01168707	0.0005534859	14.93649	0.80926	-2.22402844567631
91	0.0559117116034031	0.665548798535019	0.99986	0.7858924	0.7004576	0.0004866013	0.0001471318	0.7445588	17.68965	17.35079	0.9830327	18.56206	0.0007804829	5.035373e-05	19.95018	0.2747131	-1.10574412583999
920	0.0193157263565809	0.709851907449774	0.9958559	0.7493668	0.7180892	0.0001549773	4.249586e-05	0.738148	17.71633	17.38465	1.024091	18.61601	0.001108969	2.640403e-05	19.10894	0.3605065	-1.0686868870391
921	0.0289894810412079	0.696092540514655	0.9997673	0.769351	0.7268217	0.0001862779	3.49262e-05	0.7530669	17.75562	17.44658	0.9921781	18.63484	0.001748836	0	18.87982	0.4001187	-1.24139823467065
922	0.152247099764645	0.674281390290707	0.9997309	0.8909972	0.7633654	0.0008535061	0.0003934556	0.8221607	17.89202	17.63177	0.8888767	18.71756	0.003442073	4.441385e-05	17.50764	0.5958053	-1.59039322909219
923	0.00882098167203367	0.658449341217056	0.9867009	0.6875742	0.6625905	0.0001020227	1.857684e-05	0.6834586	17.56033	17.147	1.115164	18.44703	0.0003741007	0	21.093	0.1421053	-0.780106006907786
924	0.132139385631308	0.715847479295917	0.9985995	0.8839533	0.7875746	0.0006575101	0.0001463414	0.8485952	17.982	17.7439	0.8293382	18.78998	0.007476217	0.0002462227	16.13366	0.724258	-1.96577108462644
925	0.126333609316498	0.693630796996877	0.9999053	0.879442	0.7655904	0.0007481634	0.0002242106	0.8266522	17.89645	17.66075	0.8250561	18.71999	0.004297253	0.0002024884	17.23977	0.6094579	-1.63285768571769
926	0.132131722476333	0.653682690649293	0.9997111	0.8477444	0.733971	0.0008354849	0.0002526286	0.792224	17.81168	17.52841	0.9182386	18.6531	0.002030575	2.333995e-05	18.6627	0.4428571	-1.31563392278494
927	0.0190269098151475	0.683567237830721	0.9497784	0.7057974	0.687943	0.0001006993	6.718635e-06	0.7058172	17.63721	17.2637	1.038833	18.50766	0.0006167475	8.410193e-05	20.35712	0.2265928	-1.0042976062585
928	0.182239414658397	0.688760418398306	0.9998036	0.9124258	0.7784583	0.0009629729	0.0004458766	0.8406015	17.95645	17.73472	0.8026178	18.75903	0.004792471	0.0001734831	16.72772	0.6788287	-1.72841803053393
929	0.0985433123074472	0.663385187229142	0.9993947	0.8262169	0.7249223	0.0006370476	0.0002306197	0.780372	17.75086	17.45176	0.909758	18.60907	0.001388989	2.394808e-05	19.14604	0.3880491	-1.24170983033222
92	0.00380250294692814	0.663558656722307	0.3893937	0.6587455	0.6620662	0.0001153987	6.56171e-06	0.6809656	17.41275	17.11476	1.077975	18.43821	0.0002703271	3.003634e-05	20.99296	0.1344282	-0.727504657741923
930	0.115741483401507	0.735869521298446	0.9997099	0.895647	0.8001255	0.000542457	0.0002606096	0.8462208	18.04465	17.82784	0.7686081	18.83034	0.009963328	0.0003313745	15.30653	0.7838148	-1.89046559488877
931	0.0733255302999169	0.687134326947853	0.9994336	0.8089434	0.7279099	0.0003715688	0.0001100718	0.772497	17.76708	17.45005	0.9500825	18.60423	0.001149594	0	18.86156	0.4041947	-1.25003591941775
932	0.165900703985244	0.722589419852011	0.9999434	0.916205	0.8005252	0.0006301721	0.0003217127	0.8532845	18.03981	17.82596	0.7609343	18.82379	0.01002052	0.0003887269	15.25673	0.7829442	-1.96336274880161
933	0.122000233596191	0.735769505193457	0.99984	0.8870202	0.7978688	0.000518554	0.0001524303	0.8459636	18.01341	17.79825	0.7970045	18.8237	0.00979255	0.0004238233	15.5169	0.772497	-1.97815542543598
934	0.118059596978128	0.688373008696362	0.9988673	0.8704788	0.7601782	0.0006564602	0.000284244	0.8142956	17.88308	17.63788	0.8603366	18.72511	0.003864163	0.0002727645	17.36278	0.5797784	-1.5907361986425
935	0.145520163234323	0.662737893033773	0.9999601	0.8797388	0.7467004	0.001047596	0.0002895582	0.8184211	17.84986	17.59683	0.8456036	18.67743	0.002474023	4.498223e-05	18.12258	0.5067273	-1.59893342515067
936	0.0154455806594342	0.731336604477838	0.9487133	0.7510487	0.7358884	8.049341e-05	1.005894e-05	0.751108	17.74893	17.44254	0.9723087	18.64165	0.002608146	7.903472e-05	18.26666	0.4452711	-1.1861608716846
937	0.00962593196891248	0.656499536987394	0.9257971	0.6673724	0.6561415	6.528633e-05	1.429376e-05	0.6695489	17.49079	17.1133	1.103977	18.42656	0.0002371846	0	21.25641	0.1222398	-0.716960274011425
938	0.0130996278487146	0.694349163817242	0.9906314	0.7370004	0.7084621	0.000128941	2.361588e-05	0.7289276	17.69284	17.33529	1.058388	18.56351	0.0008054124	0	19.56227	0.3121488	-1.05583152451474
939	0.174803606839851	0.749092009197921	0.9997674	0.9348833	0.8331004	0.0008358674	0.0001766437	0.8875742	18.22511	18.02834	0.6575115	18.9442	0.02402167	0.0009100722	13.65621	0.9004353	-2.43482825684401
93	0.186025602044538	0.749059830210172	0.9996353	0.9333399	0.8267428	0.0006217701	0.0002713947	0.8791254	18.14746	17.95281	0.6824967	18.91133	0.01831634	0.0009751754	13.98742	0.885556	-2.43467378087067
940	0.148406141344458	0.701726924977265	0.9998669	0.8924021	0.7699115	0.0008118942	0.0003940879	0.833518	17.92214	17.68982	0.8314337	18.74639	0.004656113	0.0001330318	16.93651	0.6315394	-1.68439843776389
941	0.0432694570627064	0.746484687784687	0.9998601	0.8045706	0.764241	0.0001289208	3.4458e-05	0.7877325	17.84287	17.56238	0.9764087	18.71135	0.003688857	9.836953e-05	17.12612	0.600554	-1.4409483829812
942	0.0523312904872	0.746983545436524	0.9991218	0.8221409	0.7761241	0.0002732939	1.807299e-05	0.8095766	17.9138	17.67061	0.8869843	18.76216	0.005005896	9.626724e-05	16.49719	0.662406	-1.78429033761811
943	0.0548928499687463	0.74089096582029	0.9994004	0.8217056	0.771979	0.0002211746	4.781968e-05	0.7983577	17.87062	17.60704	0.9493244	18.75674	0.005273423	0.0001444774	16.6441	0.6432924	-1.58533266319697
944	0.101624522265047	0.707093321043067	0.9992297	0.8597546	0.7638502	0.0005429394	0.0001664246	0.8186981	17.88754	17.63899	0.8888751	18.73178	0.004257572	0.0001380834	17.14893	0.596755	-1.63411363870331
945	0.0717023453675211	0.733144366834313	0.9991036	0.8370598	0.7604676	0.0002736025	0.0001556407	0.7972893	17.8385	17.57779	0.9015048	18.7113	0.003403853	9.455147e-05	17.31706	0.5787891	-1.56224417436751
946	0.199271431658417	0.679535230877809	0.9990591	0.9159478	0.7845402	0.0009213571	0.0003080473	0.85176	17.97641	17.75231	0.800784	18.78613	0.006048561	0.0003240301	16.19048	0.7104076	-1.99090243368278
947	0.0866340144537389	0.742759364307858	0.9993642	0.864167	0.7872284	0.0003376137	0.0001087784	0.8288682	17.98622	17.76462	0.7958194	18.79579	0.007624499	0.0002289639	15.85637	0.7208548	-1.84276744102519
948	0.0488190770149231	0.739402172504924	0.9999152	0.8182825	0.7673263	0.0001566157	7.041733e-05	0.7911753	17.87794	17.60797	0.9492943	18.73816	0.004763517	0.000169262	16.9906	0.6191927	-1.45011641604095
949	0.0773051475174725	0.735368260112591	0.9999417	0.8538781	0.7884241	0.0002496723	8.752791e-05	0.8230115	17.95093	17.72769	0.8314949	18.80502	0.008249334	0.0003012397	15.90218	0.7240206	-1.71595450822075
94	0.108974833087996	0.743317128834315	0.999905	0.8830827	0.7988919	0.0003685374	0.0001075573	0.8427434	18.02042	17.7942	0.817407	18.83358	0.00990343	0.0005377428	15.25269	0.7730115	-1.92245843410251
950	0.0704011891037226	0.732661207439378	0.9999585	0.8428967	0.7696039	0.0002687573	0.0001140385	0.8064899	17.87147	17.62556	0.879906	18.74094	0.004812207	0.0001408451	16.79626	0.6299565	-1.60257973818605
951	0.187702017789707	0.687576545169577	0.9999417	0.9170558	0.7757614	0.001057793	0.0002697018	0.8555402	17.95859	17.72564	0.8227505	18.7655	0.005393976	0.0001726072	16.67186	0.6626039	-1.9308557044088
952	0.149515184946358	0.662354191718623	0.9987353	0.8762366	0.741309	0.0009806936	0.000345094	0.8136921	17.81403	17.54973	0.9039291	18.66176	0.001919386	0	18.3111	0.4758607	-1.58312988296283
953	0.0193034907802939	0.699647094774991	0.8282054	0.7215077	0.7132358	5.856192e-05	1.085895e-05	0.7264741	17.69607	17.35821	1.011827	18.5819	0.001288907	0	19.2496	0.3316977	-1.05091469234669
954	0.00345441703684628	0.665294167213142	0.9666757	0.6896122	0.6744762	7.251846e-05	4.60025e-05	0.6876336	17.59498	17.20192	1.068952	18.47008	0.0003156113	0	20.76969	0.1767313	-0.837196087829022
955	0.186341605242342	0.678109302348457	0.9996067	0.9130787	0.7679305	0.001139259	0.0004069518	0.8437871	17.93145	17.70258	0.7969513	18.74298	0.004008928	0.0001516892	17.0541	0.6237436	-1.74098869428431
956	0.0151000962592661	0.658714953041636	0.992477	0.6900673	0.6646769	0.0001560389	2.482017e-05	0.6817175	17.5985	17.20159	1.06181	18.45743	0.0005447872	0	21.02489	0.1440839	-0.855722882328034
957	0.103382261190563	0.70606653180439	0.9997969	0.8604867	0.7640668	0.0004883879	0.0002296016	0.8134943	17.8793	17.63529	0.870678	18.71728	0.003656097	4.598864e-05	17.20319	0.6028097	-1.56690154291983
958	0.0820931826718152	0.651324920565821	0.9997304	0.8100712	0.7157946	0.0006315301	0.0001559596	0.7681045	17.75048	17.44381	0.9259031	18.6021	0.00122127	0	19.47533	0.3410764	-1.20213094549938
959	0.0138687740080059	0.663511545630172	0.9757616	0.6879699	0.6669371	0.0001093299	4.927601e-05	0.6853977	17.56745	17.16996	1.087482	18.45619	0.0002876043	0	20.85617	0.1523941	-0.788719821631282
95	0.0531131080817431	0.704360798140988	0.9973051	0.7830629	0.7238113	0.0001990475	0.0001017757	0.7512268	17.72806	17.40178	0.99739	18.60682	0.001263392	0	18.78868	0.3853977	-1.20118870042813
960	0.0283172197639942	0.656418974651024	0.9914341	0.7056391	0.6768257	0.0001702296	5.238474e-05	0.697408	17.61154	17.23123	1.038328	18.48268	0.0005327651	0	20.67671	0.1798575	-0.923034131711385
961	0.117734461603686	0.730511400755495	0.999148	0.8872378	0.7903511	0.0005449371	0.000196275	0.8408389	17.99215	17.7634	0.8175153	18.80385	0.00831828	0.0001784082	15.92782	0.7347052	-1.828086987224
962	0.185025864513591	0.689568904135376	0.9996969	0.9119114	0.7763367	0.001110739	0.0003228655	0.8509102	17.95396	17.73481	0.7640398	18.76123	0.005728172	0.0001084881	16.76207	0.6679066	-1.9405032941962
963	0.0115765722934157	0.738312273635529	0.9783268	0.7605065	0.741161	0.0001216529	3.127322e-05	0.7567867	17.77748	17.47445	0.9701701	18.65128	0.002107399	0	18.05184	0.4799367	-1.19412205918142
964	0.178811863949522	0.720001270901412	0.9998093	0.9252671	0.8144994	0.0006452474	0.0002886519	0.8674515	18.10131	17.88194	0.7794317	18.86528	0.01268097	0.0004276886	14.74412	0.8401662	-2.25142688834692
965	0.162336880574003	0.656260420824401	0.9999917	0.8816977	0.7494251	0.001156409	0.0002420244	0.8255827	17.88698	17.6347	0.8501126	18.70137	0.00293979	4.48823e-05	17.9742	0.5255243	-1.58893998256359
966	0.165454868413508	0.66953217079863	0.99998	0.8979422	0.7580141	0.001159625	0.0003824263	0.826296	17.90326	17.66548	0.82525	18.72093	0.003657838	8.814067e-05	17.56165	0.5693708	-1.6408862383534
967	0.0545245523098856	0.67016024410259	0.9999384	0.7765928	0.7019448	0.0003491321	0.0001711624	0.7404432	17.67161	17.31621	1.036435	18.56169	0.0009172208	0	19.79321	0.2831025	-1.05651797534699
968	0.121214746963233	0.684475089982152	0.9999052	0.8657895	0.7560369	0.0006555463	0.0003076309	0.8068658	17.85237	17.58964	0.8892979	18.6947	0.003725118	0.0001142674	17.62624	0.5557578	-1.51854858558908
969	0.107297653099522	0.724929610337131	0.9986801	0.86296	0.7811547	0.0004225996	0.0001692578	0.8191531	17.93392	17.68996	0.8834428	18.77976	0.006649241	0.0001604989	16.45077	0.6905421	-1.80382551806963
96	0.0639852890279144	0.671043380349875	0.9998293	0.7889395	0.7107717	0.000362386	0.0001917718	0.7483775	17.71304	17.37664	0.9738328	18.56935	0.0009028666	2.507963e-05	19.57588	0.3204195	-1.13355775273498
970	0.0185630097519606	0.702765582874417	0.9394275	0.738425	0.7160286	0.0001563529	5.745262e-05	0.739632	17.72957	17.39997	1.010249	18.60099	0.001018221	0	19.22758	0.3448358	-1.18418186397971
971	0.137338556768373	0.661743431561627	0.9999419	0.8595766	0.7352685	0.0008052831	0.0003793744	0.7915512	17.79926	17.50954	0.9207546	18.64901	0.001956587	2.301867e-05	18.72289	0.4461021	-1.31050818562587
972	0.0304746851325035	0.660030992375687	0.9934532	0.7229125	0.6887987	0.0001117994	5.946797e-05	0.7071033	17.64006	17.28307	1.010271	18.517	0.0005747756	2.737026e-05	20.19861	0.2268302	-0.974377645656522
973	0.0865672050975263	0.742196955787949	0.9999068	0.8670558	0.7858459	0.0003764645	0.0001518564	0.8251682	17.94032	17.70851	0.8469882	18.78111	0.006982953	0.0002966614	16.16959	0.7164226	-1.74915989931916
974	0.0798620180226862	0.695736253703944	0.9999186	0.8295014	0.736638	0.0004501452	0.0001904428	0.7832608	17.79135	17.49872	0.9210212	18.63883	0.001526608	7.155976e-05	18.50257	0.4538979	-1.3026515302123
975	0.0330100113991648	0.724519519042224	0.9995544	0.7701622	0.7249562	0.0001260128	0.0001001497	0.7404036	17.74848	17.42454	1.006604	18.6166	0.00164423	2.569109e-05	18.80142	0.3902651	-1.11143848564981
976	0.149944678787142	0.734693969320506	0.9998986	0.906015	0.8000929	0.0006779996	0.0002286369	0.8527503	18.03669	17.81073	0.784863	18.8351	0.01030793	0.0004586154	15.49519	0.7807281	-1.96266915690808
977	0.0760217379312962	0.660336223593913	0.9959703	0.805461	0.7187308	0.0005566005	0.0001725165	0.7652008	17.74003	17.41828	0.9786632	18.58837	0.001080869	0	19.38399	0.3586466	-1.25823249877978
978	0.0406102336011827	0.706874957727268	0.9965203	0.7978631	0.7385885	0.0002771547	7.69901e-05	0.7730906	17.79781	17.50063	0.9544764	18.6606	0.002231921	2.479913e-05	18.28502	0.4649387	-1.31064773413536
979	0.0238799843471497	0.745681106462143	0.9990376	0.7817768	0.7548891	8.232246e-05	1.079005e-05	0.7711318	17.82214	17.56225	0.9029593	18.70271	0.003568626	0.0001012376	17.26937	0.5488722	-1.33712003231732
97	0.0376424133777618	0.664177847467363	0.999542	0.7518203	0.6922375	0.0002322602	7.974127e-05	0.7221013	17.65604	17.28973	1.00674	18.51685	0.0008421718	0	20.17602	0.2413534	-0.999568123593231
980	0.0382325926795602	0.741605615825392	0.9884444	0.7976652	0.7662348	0.0001238583	1.450791e-05	0.7859517	17.85642	17.59191	0.9122094	18.72066	0.003646376	0.0001240264	17.15455	0.6121884	-1.50195358691049
981	0.195084154885262	0.737846452300437	0.9997458	0.9337159	0.8193614	0.0008172756	0.0002516103	0.8776415	18.14351	17.93771	0.734292	18.90169	0.01746133	0.000614537	14.41773	0.8605857	-2.38184826179139
982	0.124883583467454	0.745047029410489	0.99993	0.8960032	0.8096712	0.0005918567	0.00011537	0.8597349	18.09596	17.8859	0.7494921	18.87242	0.01355887	0.0005079057	14.93935	0.8216066	-2.23687289918534
983	0.00324023757129908	0.711654821387492	0.1610234	0.7055402	0.715344	0.0001231454	1.835486e-05	0.7350811	17.68051	17.3192	1.09856	18.58692	0.001261989	0	19.08445	0.3498615	-0.982658508481086
984	0.187778626848012	0.672833918663673	0.9999734	0.901207	0.7629472	0.001352825	0.0003826939	0.8350218	17.92788	17.68866	0.8326947	18.74846	0.005291238	0.0001756427	17.3724	0.5976652	-1.67734375095845
985	0.0327568567357957	0.722135448618792	0.9992207	0.7743174	0.7399564	9.427491e-05	2.590461e-05	0.758053	17.75964	17.44612	1.014604	18.64931	0.002248684	0	18.22543	0.4709537	-1.22461540480682
986	0.130452111689374	0.724966903449968	0.9995321	0.8977444	0.7965527	0.0006318102	0.0002239421	0.848516	18.01587	17.79907	0.7793013	18.81955	0.00899233	0.0003967204	15.55526	0.7625247	-1.97838529274434
987	0.0695473859552294	0.685429215757176	0.9988464	0.8039177	0.7323008	0.0003108118	0.0001141671	0.7744559	17.76838	17.46797	0.9773034	18.6419	0.001919764	0	18.63934	0.4251286	-1.34536697620807
988	0.171193597093225	0.700435457075946	0.9999634	0.9067867	0.7865118	0.0008234199	0.0002885676	0.8517521	17.98373	17.75551	0.8252378	18.77956	0.006676995	0.0001963822	16.24066	0.7206173	-2.05088675059866
989	0.0873055861797184	0.71369779293891	0.9998401	0.8290265	0.7444445	0.0003450649	0.0001486198	0.7870598	17.82941	17.54684	0.9345091	18.68872	0.002744696	0	17.96072	0.4948951	-1.36885755685515
98	0.143945551570505	0.708673578081653	0.9999568	0.904907	0.7819344	0.0008222853	0.0003101429	0.8397705	17.97368	17.74497	0.8303668	18.7871	0.006297284	0.0001311934	16.31945	0.6953304	-1.79248615637531
990	0.0200845042709261	0.680958890379406	0.9993419	0.7220419	0.6898654	7.940483e-05	3.328459e-05	0.7052434	17.63998	17.27509	1.03773	18.51869	0.0007946947	2.740327e-05	20.20055	0.2312624	-0.933748680983625
991	0.182907469384372	0.678570159827359	0.9996757	0.9101306	0.7689155	0.001051793	0.0005181986	0.8368619	17.91537	17.68289	0.8096803	18.73194	0.004087134	0.0001087004	17.24311	0.629996	-1.7434378778185
992	0.0385818686336279	0.692477704724297	0.9936563	0.7626237	0.7207236	0.0001816609	6.873844e-05	0.7398892	17.72607	17.40345	0.9736849	18.60109	0.001193472	0	19.22727	0.3693708	-1.13381880536907
993	0.191757223801687	0.670204033050686	0.9999218	0.9033439	0.762795	0.001201513	0.0003170035	0.8431144	17.90115	17.67074	0.8079586	18.72081	0.003876903	0.000109517	17.52824	0.5950139	-1.73065589914675
994	0.130618490278721	0.667166977608576	0.9994885	0.8634745	0.7442142	0.0008528778	0.0003307193	0.8034626	17.8209	17.54927	0.890564	18.6641	0.001970669	4.582951e-05	18.31298	0.4923229	-1.4592738338647
995	0.0556679660920054	0.729758812999353	0.9988816	0.8313019	0.7725202	0.0002447961	6.562325e-05	0.8041947	17.89216	17.63441	0.9249412	18.75269	0.00509354	0.0001666111	16.81007	0.6466165	-1.61858964200354
996	0.0324231509584934	0.682580938981846	0.9986063	0.74907	0.7055207	0.0002408711	4.001439e-05	0.7370993	17.72303	17.3868	0.9654604	18.54662	0.001030165	2.64145e-05	19.74525	0.2946577	-1.07452407848147
997	0.167334264889359	0.733873864985071	0.9997986	0.9242976	0.8155653	0.0007771337	0.0001883193	0.8766126	18.13268	17.92354	0.7361245	18.88173	0.01481355	0.0006850195	14.6078	0.8444796	-2.19544926369453
998	0.00791037045419216	0.746751706651412	0.9902833	0.7777008	0.7564212	8.004896e-05	1.582239e-05	0.7719628	17.81648	17.55701	0.9336611	18.70982	0.00384175	0.0001272103	17.4298	0.5606648	-1.41921756767548
999	0.134482159232721	0.684944190224633	0.9998719	0.8604076	0.752123	0.0004922399	0.0002971228	0.798239	17.84379	17.57761	0.906565	18.69121	0.003265494	9.198574e-05	17.7781	0.5323308	-1.44136043360427
99	0.12153673232533	0.719248975557275	0.9997684	0.8837752	0.7856019	0.0006384982	0.0001522694	0.8426791	17.97388	17.75375	0.8002047	18.79447	0.007858326	0.0002238839	16.13231	0.714167	-1.88093572771408
9	0.0492223670706153	0.680791616323404	0.9989795	0.7736051	0.7230452	0.0001549565	9.32971e-05	0.7433518	17.72164	17.38459	1.013852	18.59526	0.001329991	0	19.08188	0.3819153	-1.10617194492633
