seed	s	m	mean_global	mean_chr1	mean_restgenome
100	0.0795881602228481	0.689442698789868	0.7144451	0.7235712	0.713579099166839
101	0.0867721322815917	0.672351300239151	0.7048978	0.7219932	0.703275615191081
102	0.0894566379140204	0.693079225753178	0.7269453	0.7404032	0.725668201295449
103	0.0660378668364327	0.708588579617099	0.7454901	0.7544219	0.744642536169528
104	0.0930547844296222	0.673417414446965	0.7047502	0.7230097	0.703017515957131
105	0.104473658643668	0.66327493143831	0.6983205	0.7139809	0.696834418062646
106	0.0784744476526471	0.705468842533733	0.7306966	0.7436903	0.729463611931684
107	0.0676061527831055	0.70768778651773	0.7382496	0.7503913	0.73709749785289
108	0.105327937765326	0.668599001316503	0.7066931	0.7272375	0.704743596561054
109	0.0844312337691994	0.701064278977146	0.7399249	0.7556127	0.738436216171806
10	0.0957920464837575	0.662641639222222	0.6967408	0.7072908	0.695739673276681
110	0.0925625712571952	0.689115380232005	0.7315833	0.751296	0.729712688429337
111	0.0873124433202349	0.69001178671461	0.7269931	0.741363	0.725629544731002
112	0.0955486156760793	0.672807741277138	0.6983908	0.7170309	0.696622038797936
113	0.0683527306541964	0.690216501180448	0.7144533	0.7311022	0.712873493491176
114	0.0669648048224779	0.687582714390805	0.7145705	0.7221984	0.713846699310221
115	0.0710345429458802	0.683860920315867	0.7191143	0.7314498	0.71794372581719
116	0.081076524041699	0.693206457613677	0.7344048	0.7422406	0.733661205707705
117	0.0661620001025381	0.691251147135003	0.7208937	0.733073	0.71973800741189
118	0.082932509963623	0.694692322389091	0.7244948	0.7415535	0.722876082639957
119	0.087123420625648	0.701977962102932	0.7319515	0.7428705	0.730915325834063
11	0.0771338440313875	0.704915132569399	0.7311837	0.7399319	0.730353521181688
120	0.0693513338625634	0.67914229604848	0.7085121	0.7177221	0.707638152481494
121	0.0734358005864487	0.712890936597394	0.7375532	0.745153	0.736832013466531
122	0.0744117769784549	0.707059992194819	0.7371835	0.7506056	0.735909831522497
123	0.0731781674029682	0.675049112793015	0.7010703	0.7124252	0.69999284617523
124	0.0884783876978871	0.690101872440582	0.7237385	0.7421726	0.721989241883428
125	0.0848326121219726	0.692386004627912	0.7282369	0.7436242	0.72677674962745
126	0.0826624393833406	0.703712696485373	0.7462138	0.7638971	0.744535799664924
127	0.0799004587818337	0.685928379968313	0.7087369	0.7250281	0.707190954908197
128	0.0886114264324413	0.683605563899766	0.7188887	0.7366375	0.717204443130718
129	0.085838999609169	0.667879424429292	0.7064404	0.7211898	0.705040811301757
12	0.0679284433680123	0.683586527575791	0.7074896	0.7199699	0.706305321052711
130	0.0535436214214306	0.707247138238412	0.7258563	0.7323013	0.725244677029067
131	0.0852478847712447	0.683237201865297	0.7061416	0.7223957	0.704599221720196
132	0.0804650237435108	0.687569830527338	0.7287458	0.7482151	0.726898276929885
133	0.0794802006955142	0.681601234068675	0.7235483	0.7353238	0.722430886248327
134	0.0906193662040096	0.676181785135504	0.7010949	0.7223352	0.699079359335465
135	0.075944863320972	0.680323960660147	0.7047412	0.7217919	0.70312322994021
136	0.0789116404156755	0.693644690146013	0.7220226	0.7274468	0.721507890197814
137	0.0785560698145004	0.679545934309002	0.710738	0.7242369	0.709457073076103
138	0.086064016016578	0.693291635395227	0.7124696	0.7238221	0.711392350768579
139	0.0992267937979908	0.6730455775293	0.7081702	0.7241882	0.706650259887573
13	0.0802594378101284	0.700066587596677	0.7353198	0.7423824	0.734649586425449
140	0.0834880235649709	0.680009514393683	0.7201834	0.7343869	0.718835601525622
141	0.062158101008548	0.700833786561466	0.7220765	0.7303316	0.721293108605256
142	0.07648098636434	0.683993861981412	0.7116895	0.7250656	0.710420196716843
143	0.0728872172320212	0.684651742507294	0.71424	0.7277536	0.712957661093101
144	0.0607720412187781	0.703663786869816	0.7302768	0.7384902	0.729497379975519
145	0.0786427349221485	0.695009658027107	0.7234303	0.7359769	0.722239758147866
146	0.0766267652169575	0.689999130532966	0.7281534	0.7430019	0.72674439703748
147	0.0822902823242814	0.697846878509588	0.7192825	0.7348593	0.717804342725596
148	0.0667478808857712	0.676926777579486	0.7078186	0.7223262	0.706441964640292
149	0.0716235253382917	0.696818047448402	0.7196294	0.7291655	0.718724462484807
14	0.0839749461811404	0.681277021814404	0.7190559	0.7269286	0.718308794806173
150	0.0831869587055728	0.684199113926769	0.7089034	0.7254929	0.707329173199654
151	0.08006294614364	0.683170357262453	0.7150403	0.7263188	0.713970016922724
152	0.0750624854405569	0.683901771274547	0.7164237	0.7284402	0.715283391131847
153	0.0794883778499731	0.69127386740716	0.7224803	0.7339623	0.721390726401233
154	0.0956214397105273	0.675656608962552	0.7235469	0.7401398	0.721972410621138
155	0.0576408720648562	0.703113604648214	0.7267506	0.7419498	0.725308302108661
156	0.0777803403657487	0.692124298723074	0.7234666	0.7317452	0.722681059914856
157	0.0725176240632998	0.68878009269656	0.7152811	0.729507	0.713931149654717
158	0.0792973357069715	0.677146350190351	0.7137099	0.7230337	0.712825166678153
159	0.073988507211544	0.690186813090933	0.7275256	0.7400505	0.726337101784839
15	0.0752999228435643	0.697031714808398	0.7365362	0.7511133	0.735152901203662
160	0.0823918624990336	0.693330864166147	0.7276108	0.7342086	0.726984675711023
161	0.0738712667751937	0.697482004216577	0.7259526	0.7364942	0.724952274707504
162	0.0850817203362289	0.690199602608638	0.7187601	0.7326318	0.717443780259635
163	0.0746758877602245	0.699094883191362	0.7214467	0.741894	0.719506361858914
164	0.0680763695182309	0.687414171703726	0.7103697	0.7186811	0.709581047042906
165	0.0748737352683925	0.687475225540919	0.7059776	0.7181839	0.704819355020161
166	0.0723315101910032	0.710109961954013	0.7324409	0.7455672	0.731195263986641
167	0.068952000069875	0.69350750552361	0.7191388	0.7280777	0.718290519768153
168	0.0835553615191438	0.688990920831122	0.7124122	0.7316523	0.710586520915745
169	0.0806674112106557	0.688545462008478	0.7337791	0.7429906	0.732904966486312
16	0.0850216110316254	0.681875457910721	0.7293626	0.7489596	0.727503007347485
170	0.0747842828987991	0.68186636102546	0.70472	0.7196644	0.703301875998989
171	0.079534941537958	0.691780239705705	0.7204704	0.7303293	0.719534831028753
172	0.0782385845979575	0.707789324324638	0.7378149	0.7531208	0.736362479032835
173	0.0807695012422777	0.679696022962598	0.6975554	0.7105567	0.696321650563826
174	0.0756170175205305	0.70419851003524	0.7337665	0.7405232	0.733125322439153
175	0.0814536179405515	0.687828052469913	0.7226302	0.7318149	0.721758646315475
176	0.0621795151862969	0.693200193980521	0.714458	0.7275161	0.71321890711221
177	0.0843276201266089	0.701012538181194	0.7287449	0.7381327	0.727854109808064
178	0.0913735808552632	0.689574332885038	0.7188187	0.7336533	0.717411013673201
179	0.0873280000848546	0.693707605005075	0.7274278	0.7449121	0.725768646767571
17	0.0922356230233008	0.677609001254381	0.7237048	0.7385056	0.722300367362122
180	0.0692822039816693	0.686780252233091	0.7322229	0.7463686	0.730880563191147
181	0.068504311153497	0.688680466172976	0.7144099	0.7236236	0.713535606181346
182	0.0937106987576658	0.682169580174481	0.7138118	0.7261245	0.712643383376775
183	0.0759446817203757	0.701830448979351	0.7346122	0.7468842	0.733447664356179
184	0.0752067114110742	0.698207693860265	0.7283192	0.7389796	0.727307648532189
185	0.0792256796324296	0.690093753271242	0.7243506	0.7386067	0.722997797463728
186	0.072552066142271	0.686275330749362	0.7155078	0.7285832	0.714267058594969
187	0.077675450931993	0.693994428572066	0.7243824	0.7377704	0.723111964400903
188	0.0675432579462845	0.687952613892231	0.7123821	0.7229527	0.711379033039385
189	0.0863744052517462	0.677215933550873	0.7110966	0.7258379	0.709697754732569
18	0.0808485516202561	0.681543077156092	0.7162892	0.7279162	0.715185918449914
190	0.0808513568260594	0.693009966164148	0.7359049	0.746319	0.734916715906653
191	0.0869226057404051	0.673228943208635	0.7057678	0.7203765	0.704381567549399
192	0.0738212222604572	0.691546004101704	0.7241128	0.7360664	0.722978471017961
193	0.0852482863094764	0.67277563318852	0.7101634	0.7203388	0.70919782409602
194	0.0859227599833783	0.690559929728387	0.7246282	0.7423173	0.722949597591844
195	0.0871078626963999	0.679822322168407	0.710558	0.7266944	0.709026726827057
196	0.0569024720745937	0.705101360833585	0.7223932	0.736471	0.721057320517601
197	0.0944619888998673	0.68621298967937	0.7234267	0.7335934	0.72246196208506
198	0.0852571009563274	0.671564666786231	0.7143855	0.7245585	0.713420208214686
199	0.082918715154785	0.697146442701074	0.7247042	0.7378815	0.723453825945295
19	0.0762131284985759	0.694953248888971	0.725499	0.7317095	0.72490965930623
1	0.0864817752732846	0.681753833137479	0.7193048	0.7346837	0.717845499947375
200	0.0833097693557945	0.68211754571594	0.7135992	0.7279969	0.712232955564851
201	0.0921583844625814	0.672649096064892	0.7193463	0.7279828	0.718526730471099
202	0.100688245831971	0.679729789336976	0.7288091	0.7448872	0.727283405272292
203	0.0707653663735367	0.696562329334827	0.7314681	0.7485632	0.729845923620824
204	0.0790513483697527	0.69031765574343	0.7247247	0.7372244	0.723538554752824
205	0.0853773716287096	0.675381399367189	0.7137801	0.7270494	0.712520899310166
206	0.0738948766434255	0.707081272966052	0.72432	0.731575	0.723631578869971
207	0.0924763841959464	0.681982906692507	0.72569	0.7430756	0.724040204715868
208	0.0732369239306263	0.684282107129421	0.7197406	0.7314486	0.718629582204906
209	0.0962840227474649	0.692667399270602	0.7392417	0.7566595	0.73758884206039
20	0.0755185450317556	0.691147844291961	0.7242783	0.7380386	0.722972577788296
210	0.0812256401082895	0.693013954238191	0.7182358	0.7322489	0.716906095451186
211	0.0679909085986631	0.706291948930791	0.7294689	0.7381245	0.728647571196842
212	0.0451055406206828	0.716693459900175	0.733234	0.7431826	0.73228997490373
213	0.0847860205430919	0.681596931792317	0.7147089	0.7250322	0.713729289915887
214	0.0837184974391974	0.680064798135708	0.7081449	0.7229206	0.706742845338756
215	0.0818774035212674	0.699095423930142	0.7333863	0.7447782	0.732305267324967
216	0.0830563904288882	0.674494863187394	0.7180619	0.7311707	0.716818024749285
217	0.0876462045508495	0.683781006439802	0.7403107	0.7548748	0.738928662429597
218	0.086667027988261	0.68205652236565	0.7096462	0.7288501	0.707823899440769
219	0.0724037522932738	0.700917742005882	0.7255846	0.7379143	0.724414648761653
21	0.0737880239620758	0.703688097827971	0.7269535	0.739979	0.725717442689275
220	0.0823432009187023	0.692078839084987	0.7274895	0.7444883	0.725876493833706
221	0.0892401870481166	0.682068029672047	0.715679	0.7324164	0.714090775242772
222	0.0609278874115428	0.694413409950407	0.7159821	0.7221309	0.715398605777394
223	0.074932344655638	0.704186541004512	0.7378401	0.7502515	0.736662367841536
224	0.0739521735078248	0.692857090843669	0.7148158	0.7336871	0.713025078488583
225	0.0664593148641858	0.685401906371123	0.7155651	0.7321671	0.713989675345376
226	0.0889724676022158	0.685081475169826	0.7327098	0.7509795	0.730976147303648
227	0.084641509306398	0.684890909940926	0.7216199	0.7368213	0.720177416554214
228	0.0805156224032119	0.665807222192012	0.69445	0.708724	0.693095526933583
229	0.0850911630663234	0.668921878307426	0.7052725	0.7127843	0.704559728164896
22	0.075267182989922	0.689543141084858	0.7242839	0.7356843	0.723202052404572
230	0.0692969700581806	0.697794649039408	0.7229196	0.7392313	0.721371716899918
231	0.0663070019294861	0.709734968403133	0.7458333	0.7559061	0.744877496232904
232	0.0591951261934892	0.707292581748794	0.7211581	0.7357128	0.719776975920373
233	0.0829741372358018	0.692123055424713	0.7362609	0.7552024	0.734463529412276
234	0.0983854391941141	0.663782778274254	0.7127372	0.7202239	0.712026790076465
235	0.0860169083409126	0.678899033539977	0.7187581	0.7351238	0.717205149782717
236	0.100314513385545	0.671337005612036	0.7150098	0.7355168	0.713063825234714
237	0.0816361073485886	0.699399251900997	0.7305248	0.7405598	0.729572524137461
238	0.0565353817406391	0.700875890529528	0.7131555	0.7248477	0.712045954769057
239	0.0879332373085902	0.68880145808889	0.717136	0.7346459	0.715474410683383
23	0.0731486830692289	0.705591368150113	0.7320113	0.7432894	0.730941144179525
240	0.085132528924007	0.67422300374021	0.707578	0.722353	0.706176014260421
241	0.0753756032023039	0.693608181405522	0.7155771	0.7316915	0.714047943354008
242	0.0781104035029662	0.706693846762375	0.7410233	0.7521528	0.739967221894068
243	0.0868478086953234	0.685724682831706	0.7329099	0.7429604	0.731956185343129
244	0.0791355113357392	0.691267829826427	0.7201421	0.7309645	0.719115124815203
245	0.0620319302092659	0.687911847171096	0.7147424	0.7239996	0.713863937973093
246	0.0808573108251432	0.700961310866133	0.7372614	0.7552042	0.735558752010461
247	0.0808692252635996	0.687015819797106	0.7179301	0.7278345	0.716990226556638
248	0.0888907695491506	0.695302452347664	0.7272993	0.7421545	0.725889708175976
249	0.103202804657633	0.681167193779781	0.7108343	0.7225689	0.709720741490341
24	0.0840105054956957	0.683729445975564	0.7139037	0.7253838	0.712814352765186
250	0.0670218282279709	0.694634466445725	0.7122833	0.7219725	0.711363883034303
251	0.0843072490450058	0.67088459017936	0.7075476	0.7273801	0.705665660875992
252	0.08242867244505	0.675341644339724	0.712987	0.7189221	0.712423772894661
253	0.086507946644661	0.691429389559353	0.725044	0.7379445	0.723819887413619
254	0.0810328074776898	0.681192074526479	0.7129507	0.7267495	0.711641271060683
255	0.0845296390594404	0.696944470314026	0.7308202	0.7463302	0.729348436726892
256	0.0864284184884281	0.673680895930225	0.7116477	0.7234691	0.710525957620808
257	0.0789091379436563	0.697701606737906	0.7300845	0.7439912	0.728764857160472
258	0.0926275861591757	0.680033653376518	0.7212539	0.7432839	0.719163431934835
259	0.0741619372112974	0.688847956597528	0.7265416	0.7380717	0.725447507149924
25	0.0763109882976802	0.688991906285784	0.7372728	0.7498548	0.736078847488052
260	0.0794985476741842	0.702064860269378	0.7317801	0.7437345	0.730645697275711
261	0.0796146005888851	0.672047313990634	0.703568	0.7180369	0.702195038471656
262	0.0763309337762181	0.721482682647331	0.7395206	0.7506359	0.73846587890566
263	0.0791034683238091	0.688275996367903	0.7134459	0.7304485	0.711832527260904
264	0.0737796412638172	0.668710811775899	0.7028622	0.711559	0.702036916546555
265	0.0881811807537443	0.694693743188831	0.7296767	0.7421039	0.728497406313093
266	0.0773234671244395	0.689547456576171	0.7257233	0.7389065	0.72447230280478
267	0.0827430105149848	0.68392429846987	0.722832	0.734415	0.721732871959133
268	0.0726738673896292	0.688878601154471	0.7214876	0.7331366	0.720382208713878
269	0.0811401277171063	0.685761531534798	0.7209904	0.7354355	0.719619697142736
26	0.084873304540361	0.688168264737846	0.7329842	0.7498922	0.731379722743602
270	0.0584670896666111	0.696425644668032	0.7246532	0.7373431	0.723449003681966
271	0.0555647250380442	0.693819221041416	0.7150391	0.7291912	0.713696185791793
272	0.0828573351990321	0.692543136378873	0.7296739	0.7431098	0.728398930416671
273	0.0852778911135632	0.674667531277015	0.7153942	0.7293844	0.714066692629224
274	0.0767470206196847	0.693954474243962	0.7234417	0.7347816	0.722365606305559
275	0.0765110121153536	0.702793285835891	0.7322326	0.7462051	0.730906712941212
276	0.0843905499132076	0.687526791928422	0.7247496	0.7395778	0.723342484033176
277	0.079299847799132	0.676915907483506	0.7015439	0.7164984	0.700124790470871
278	0.0880522448328896	0.691476304379043	0.7188576	0.7336058	0.717458144086769
279	0.0862837654650094	0.686708271840533	0.7166279	0.7318291	0.715185371276769
27	0.0852088566663622	0.68773187767042	0.726459	0.7402751	0.725147932518575
280	0.0837184407293975	0.693118150950955	0.7339876	0.7438137	0.733055188066835
281	0.088479666745757	0.674253592083936	0.7032311	0.7195157	0.701685811606877
282	0.0761982187488883	0.680067336634424	0.7187387	0.7370179	0.717004125492196
283	0.0606967896372852	0.713873814348396	0.7470021	0.7518834	0.746538873391149
284	0.0744145414583752	0.68110368122348	0.7143222	0.7290795	0.712921813086336
285	0.0703092305563224	0.695516678118683	0.723696	0.7337153	0.722745261090173
286	0.0881975683162712	0.6893530860015	0.7194559	0.74207	0.717309952119455
287	0.077855985821376	0.676581402173937	0.7124254	0.7259546	0.711141560134185
288	0.0798892965728551	0.675803308736003	0.7075298	0.7213093	0.706222243457299
289	0.083232150554781	0.679315669541618	0.7168371	0.7306316	0.715528080381078
28	0.072799146732445	0.690108576385871	0.7149934	0.730522	0.713519901721116
290	0.0858775516695847	0.694338339312073	0.7300295	0.7446412	0.72864299124709
291	0.0876352078946268	0.688680921750057	0.7223652	0.7320307	0.721447969310751
292	0.0698068974680835	0.698930300771265	0.7260596	0.7329615	0.725404621635092
293	0.0904950327503089	0.69188050994852	0.7225331	0.7370857	0.721152124139253
294	0.0852185371832053	0.691065399803024	0.7307164	0.7401456	0.729821599004051
295	0.0844718025693694	0.667533585465679	0.6953401	0.7081834	0.6941214050824
296	0.0809831526594736	0.699637116730764	0.7184968	0.7283466	0.717562082569284
297	0.0778567166729961	0.68962233393001	0.7191606	0.7343301	0.717721110953781
298	0.081513294176283	0.676191179995075	0.7137606	0.7253247	0.712663219004463
299	0.0733221084996911	0.689015397590826	0.7224944	0.7298714	0.721794392229076
29	0.0703200672686642	0.697678158786822	0.7275893	0.7420777	0.726214497721124
2	0.0777807504907442	0.684097043748372	0.7272998	0.7391165	0.726178500847462
300	0.0742242604756293	0.696213933597697	0.7372218	0.7508151	0.735931860637834
301	0.0910780694579212	0.691091351221927	0.719044	0.7312642	0.717884415099985
302	0.0742743867044971	0.694340242243232	0.723474	0.7359611	0.72228905893202
303	0.0812118920415427	0.698282182564107	0.7268048	0.7448148	0.725095837230023
304	0.0707906800876239	0.702317271143467	0.7295039	0.7328358	0.729187757193621
305	0.0789124151953988	0.689462675863519	0.7295545	0.7453644	0.728054301585294
306	0.0772135396825251	0.698664364498069	0.7297144	0.7439291	0.728365557956108
307	0.0636475555143579	0.704180015559686	0.727074	0.7378725	0.726049328975801
308	0.0769509203927833	0.692341972663244	0.722415	0.7349619	0.721224386105843
309	0.0872462566733647	0.673020083111119	0.7075029	0.7215666	0.706168362558705
30	0.0635089381771712	0.700484645928904	0.7407081	0.7473144	0.740081194852913
310	0.0892023728461594	0.688134551006139	0.7282824	0.7394452	0.727223152954308
311	0.0742269734892824	0.683623733501711	0.7185233	0.7290909	0.71752050054629
312	0.0753545681739289	0.691100504338056	0.7208965	0.7349696	0.719561078249191
313	0.0739915919350041	0.693967890663385	0.7173381	0.7294504	0.716188754214017
314	0.0895404920633482	0.682209033683459	0.7183805	0.7268859	0.717573390830641
315	0.0884839908073571	0.673535646989673	0.7087921	0.7302317	0.706757622161822
316	0.0671770701631188	0.690575855554034	0.7201971	0.7323755	0.719041457064475
317	0.0866050781910772	0.69425340240896	0.727041	0.7357091	0.726218474874809
318	0.0753658468567785	0.693288993391537	0.7214828	0.7282547	0.720840253189389
319	0.0874650378641836	0.679709789317645	0.7119898	0.7186001	0.711362551297428
31	0.0705726620868362	0.705895236974411	0.7394434	0.7454993	0.738868730505838
320	0.0733968387788345	0.680575777380501	0.7081471	0.7182916	0.707184500972483
321	0.0877900469251327	0.675138428814927	0.7191053	0.7358246	0.71751877297434
322	0.0717856421005289	0.693202981647494	0.7263009	0.7396	0.725038954676077
323	0.0720365977325968	0.700182116535542	0.7302402	0.7405701	0.729260011256911
324	0.0782930975732723	0.695873457597189	0.7317849	0.7393801	0.731064175546574
325	0.0766901164515379	0.707175132517945	0.7376826	0.7460433	0.736889232774171
326	0.0783219516905093	0.687641210620799	0.7153746	0.7260416	0.714362412361848
327	0.0848609266927219	0.702274546226363	0.7301527	0.7416285	0.729063726009279
328	0.0770674068919575	0.683674836913563	0.719534	0.7337689	0.718183201900995
329	0.0676032100407326	0.689435311841068	0.7152658	0.7282285	0.714035746774267
32	0.0801004491398501	0.697611534372502	0.7342316	0.7413312	0.733557937024054
330	0.0843698186441152	0.69140225583089	0.7315533	0.7430784	0.730459687496789
331	0.0890601629760136	0.698115044463786	0.7368945	0.7509335	0.735562345343308
332	0.0639661060426349	0.711766434662677	0.7520246	0.7595641	0.751309127360527
333	0.0785921734898581	0.691917098891786	0.7279733	0.745851	0.726276821186245
334	0.0675591991373851	0.704675952619766	0.7361139	0.747465	0.735036767364447
335	0.0657772727544672	0.713157609955052	0.7412661	0.7502292	0.740415581941978
336	0.0591055955786046	0.708374727503114	0.7332076	0.74709	0.731890220658155
337	0.0698037211837948	0.709563451922113	0.7329541	0.7442058	0.73188635425408
338	0.0759028672833435	0.69442565233416	0.7142889	0.7238201	0.713384485932165
339	0.087402943051763	0.688811357244425	0.7233216	0.7362387	0.722095923786354
33	0.0804394484029163	0.679138022293526	0.7188719	0.7308465	0.717735636128314
340	0.0859120949109115	0.683864731315286	0.7236609	0.740997	0.7220158795145
341	0.0827123514859764	0.670703589293969	0.705413	0.723238	0.703721563454647
342	0.0875128470721163	0.701943555135219	0.7506063	0.7689276	0.748867738281246
343	0.0752011874815148	0.688134397899487	0.7150206	0.7333357	0.713282591804242
344	0.0696431468940568	0.689435513652924	0.7224096	0.7307467	0.721618437640384
345	0.0744239191076501	0.68561819787042	0.71875	0.7295907	0.717721312394548
346	0.0815293532125257	0.706338364920837	0.7384105	0.7515761	0.737161175919042
347	0.0822727290402594	0.681262665475481	0.7063576	0.722071	0.704866467329643
348	0.0895352900259231	0.683449073781298	0.7203316	0.7343514	0.719001219321496
349	0.0666019138139664	0.703959360132794	0.724366	0.7390902	0.722968779445549
34	0.0804653327612733	0.694553176948739	0.7251361	0.7405846	0.723670199987109
350	0.0613832684123731	0.716356643071825	0.7478086	0.7505998	0.747543789164688
351	0.0814228072730455	0.689251263812036	0.7294003	0.7454853	0.727874015203236
352	0.07844975342318	0.707958942469988	0.7294829	0.7459511	0.72792015847047
353	0.0872662169902411	0.674863688815474	0.7020524	0.7148236	0.700840563759909
354	0.084484659209179	0.687037463972311	0.7193006	0.7319093	0.718104160644366
355	0.0691040896852534	0.687201136217808	0.7127875	0.726743	0.711463250189747
356	0.0862917209541618	0.685882319948915	0.7305554	0.7452729	0.729158852283814
357	0.0827701249304881	0.6759911936715	0.7165173	0.732246	0.715024806404788
358	0.0740749774365227	0.6878782689467	0.7150787	0.7290599	0.71375199442461
359	0.0720280637178584	0.683067227098539	0.7155631	0.7277498	0.714406647774861
35	0.0878558426995528	0.690898144982182	0.7179318	0.7328053	0.716520371021034
360	0.0655695791042016	0.706773142521305	0.7405209	0.7556489	0.739085376557507
361	0.0888909991469944	0.679553835581189	0.7073449	0.7166113	0.706465586644417
362	0.0639896012504337	0.691973885232928	0.7186986	0.7299102	0.717634748134317
363	0.0701796081701554	0.692431673762659	0.7226318	0.7357238	0.72138948428403
364	0.0761310419723321	0.667999730616079	0.7117461	0.7251309	0.710475964947119
365	0.0699516869535995	0.693189330829066	0.7154452	0.7298273	0.714080464747737
366	0.0813584752614423	0.703392832982598	0.7263869	0.7394375	0.725148472416547
367	0.0758801313631804	0.690119595186349	0.7255212	0.7395741	0.724187729667685
368	0.0704855614987649	0.673706787468378	0.7024717	0.7122852	0.701540466786056
369	0.0806360319332094	0.693815407425466	0.7263708	0.7391964	0.725153702223171
36	0.0668247619896035	0.697893273292602	0.7325333	0.7410005	0.731729774156321
370	0.0867604888712066	0.662445437037803	0.6891326	0.7007272	0.688032402139557
371	0.0847146084108149	0.681647260696741	0.7170941	0.7302651	0.715844277514067
372	0.0748724667050351	0.68631904024818	0.707596	0.7233558	0.706100482835817
373	0.067125239686251	0.695165661881856	0.7278794	0.7357994	0.727127848001676
374	0.0733465389537445	0.702801901898094	0.7301876	0.7427142	0.728998935838648
375	0.0678004807307101	0.708029246652024	0.7493975	0.7530967	0.749046492629334
376	0.0911737232120814	0.678725009823898	0.7185621	0.7354862	0.716956085889223
377	0.0699049726205395	0.681964195264768	0.7141016	0.7195942	0.71358035889417
378	0.0891776355015188	0.685029816791945	0.725667	0.7389889	0.724402859873508
379	0.0908255721257671	0.675123582635914	0.7155822	0.7374404	0.713508021074875
37	0.0978305173082206	0.701463147801451	0.7294825	0.7406523	0.728422526921177
380	0.0546579578553949	0.713150494270971	0.7328304	0.7429102	0.731873938895
381	0.0954143127054995	0.694792731408658	0.7318411	0.7431392	0.730768992383201
382	0.0814466382225358	0.695662695481468	0.7279523	0.7416898	0.72664875044487
383	0.06676939223466	0.689226405247547	0.7161442	0.7293648	0.714889673336688
384	0.0777210947758278	0.69271708031389	0.7255095	0.7434413	0.723807949900492
385	0.0674718603159884	0.693667704281727	0.7220004	0.7371615	0.720561713902582
386	0.0789857177395218	0.69455374140147	0.7282226	0.7463665	0.726500930324924
387	0.0847638382797786	0.67434229432049	0.7185512	0.7324826	0.717229183407007
388	0.0617687421047889	0.679116559937648	0.6888919	0.6988819	0.687943923136363
389	0.0812666488326027	0.684109429635048	0.71149	0.7212633	0.710562612445641
38	0.0867234159850647	0.683321396271632	0.7206182	0.7283708	0.719882589125387
390	0.0719986740181504	0.676328487380033	0.7156818	0.7240207	0.714890475768546
391	0.0747713766345134	0.675890994417115	0.711046	0.7212953	0.710073421926546
392	0.077179468420152	0.676574610365239	0.7134555	0.7238967	0.712464666438223
393	0.08652868935367	0.669976833750215	0.707814	0.7160322	0.707034129123969
394	0.0695490202454572	0.710101756596247	0.730446	0.7399032	0.729548639926332
395	0.0619547804718017	0.706067497280789	0.7354409	0.7448572	0.734547366313467
396	0.0821087656660166	0.671660407404713	0.708799	0.7224143	0.707506976006357
397	0.0765210164189965	0.6899869083647	0.7199368	0.7282582	0.719147153098757
398	0.0909640007799012	0.698335147545693	0.7294351	0.7497259	0.727509704410154
399	0.0605807140837276	0.720706958406953	0.7464772	0.7590452	0.745284599609051
39	0.0872649331747174	0.677240118026885	0.7210994	0.7307879	0.720180036892658
3	0.0857645495086796	0.686575268490796	0.7247526	0.7393383	0.723368561754215
400	0.0680025029976334	0.689644810729311	0.7143367	0.7236181	0.713455999165715
401	0.0943554432989549	0.720209134864309	0.7477422	0.7659262	0.74601664147499
402	0.0620002707519635	0.713465949042662	0.726551	0.7325578	0.725981023821987
403	0.0743164671845636	0.690789524116766	0.7232212	0.7342097	0.722178428586921
404	0.0929461200677421	0.679094788719819	0.711824	0.7292911	0.710166459835317
405	0.0765488329190629	0.694478575494405	0.7252192	0.7432143	0.723511603462868
406	0.0700352140983347	0.689455683356827	0.7182827	0.725917	0.717558236311228
407	0.0747049950980111	0.677378591878561	0.7106586	0.7149006	0.710256103776206
408	0.0806600235745974	0.683398023288785	0.7288751	0.7427503	0.727558463623868
409	0.0799735417396471	0.682295354423907	0.7207577	0.7411455	0.71882309171381
40	0.08770227439279	0.695665828178891	0.7348974	0.7468657	0.733761694299371
410	0.0790138062842135	0.690797329662934	0.7350399	0.7453711	0.734059509678506
411	0.0659682962202361	0.690682782113022	0.7154056	0.7243923	0.71455282786324
412	0.0741996915172449	0.688660461085327	0.7212906	0.7386594	0.719642421222829
413	0.0839650190280582	0.678321918673908	0.7207459	0.7364603	0.719254754269447
414	0.0821063512860779	0.702759639672054	0.7346772	0.7490628	0.733312150143326
415	0.102344093428317	0.693299197552755	0.7397686	0.7530265	0.738510483199008
416	0.0853824637664434	0.687795720042254	0.7238199	0.737003	0.722568901061104
417	0.0865663160011481	0.698625640310571	0.7384241	0.7512009	0.737211668432249
418	0.0761926822278869	0.696624102698142	0.7275884	0.7368758	0.726707052779056
419	0.0670204301885461	0.695602579147073	0.7167869	0.7249836	0.71600913137911
41	0.0778660655191563	0.686328709204272	0.7161711	0.7313486	0.714730836852561
420	0.074242736930073	0.692572908521732	0.7150006	0.7294682	0.713627703462063
421	0.0738331902954538	0.68302380035556	0.7222029	0.7355727	0.720934216255653
422	0.0765755347822229	0.692706582861294	0.7183358	0.7279731	0.717421332916824
423	0.0865788355178986	0.681524732074553	0.7191536	0.7334058	0.717801221330747
424	0.0862822904206235	0.710763764328483	0.7475948	0.7540441	0.746982762678148
425	0.0500613062319991	0.69920782222659	0.7268187	0.7338991	0.726146840002699
426	0.088983626093526	0.674761117202078	0.7160541	0.730752	0.7146593722483
427	0.0742006596632224	0.692459581910718	0.7282126	0.7417572	0.726927332513257
428	0.0839279697171002	0.687821635202312	0.7267591	0.7424226	0.725272807851564
429	0.0615293797897786	0.713252684178423	0.7364409	0.7491455	0.735235282439078
42	0.0657664004899983	0.705755893565728	0.7222602	0.7299198	0.721533342629823
430	0.0865361447949527	0.693688736732588	0.7288526	0.7449956	0.727320802028477
431	0.0705398911671804	0.699655335377869	0.7275643	0.7345816	0.726898381774003
432	0.0837259003000327	0.67765206531635	0.7045031	0.7158134	0.703429862277201
433	0.0702559585991454	0.711857291737025	0.7366084	0.7472054	0.735602842606814
434	0.0682038385995897	0.708857657588916	0.7286665	0.7392604	0.727661275808122
435	0.0767947617888454	0.702520198883624	0.7345084	0.7466332	0.733357891765275
436	0.0960112487486844	0.677503382588237	0.725549	0.738792	0.72429236887174
437	0.0864783003602205	0.682499813929066	0.727047	0.743061	0.725527416238993
438	0.0813923396671947	0.677482469754128	0.699779	0.7177861	0.698070296748558
439	0.0667533472061483	0.724646783086406	0.7557448	0.7681211	0.754570357502733
43	0.066359076603596	0.685381249514601	0.7231461	0.7350788	0.722013829694986
440	0.0702320035342495	0.691365269548699	0.7222683	0.7353007	0.721031642160786
441	0.0816063743975976	0.68953203085241	0.7220665	0.728361	0.721469184749083
442	0.0735317234380477	0.686891401267533	0.7287139	0.7382574	0.727808289353027
443	0.0803613989972408	0.687482827202604	0.7192676	0.7337374	0.717894506881496
444	0.0872570471641391	0.692487441067174	0.7192048	0.7309512	0.718090120745445
445	0.0841208029100455	0.688849413237356	0.7197458	0.7286434	0.718901464559437
446	0.0774747086982469	0.679041263632962	0.7143137	0.7234498	0.713446805219505
447	0.0789669449287978	0.690348084210172	0.7246501	0.7401242	0.723181775031499
448	0.0755522423212425	0.685042584298381	0.7069625	0.7189862	0.705821596365951
449	0.0788831688001804	0.681684573613608	0.7066247	0.7187569	0.705473457099388
44	0.0751467517781328	0.678824602927513	0.7173348	0.7283826	0.716286393281292
450	0.0718179058883892	0.693746167264639	0.7312993	0.746564	0.729850756475328
451	0.0819105824334668	0.673424566688323	0.7061344	0.7187217	0.704939924166458
452	0.0588098700520233	0.685608647837832	0.7114603	0.7183483	0.710806728478803
453	0.0822742336530411	0.687667876017089	0.7181245	0.7220483	0.717752216088793
454	0.0806307620861687	0.689222787409749	0.7260065	0.7406418	0.724617712016223
455	0.090578140609145	0.675412186080273	0.7182439	0.7347562	0.716677014313921
456	0.078767800122067	0.693300112289086	0.7241112	0.7363495	0.722949846262008
457	0.0722244712242744	0.705392603246068	0.7325565	0.7454242	0.731335428173273
458	0.0812292034070108	0.695376756165872	0.7214599	0.7350459	0.720170658956501
459	0.0707798615120672	0.694672656400546	0.7263892	0.7356578	0.725509635484645
45	0.0893733106650205	0.685485869551457	0.7254694	0.740636	0.724030182745327
460	0.0881233893966928	0.688904548221399	0.7258871	0.7462252	0.723957143293419
461	0.0802205121230508	0.702679637213756	0.7385403	0.746417	0.737792858569849
462	0.0882593250860239	0.680641830527443	0.7112354	0.728694	0.709578681504933
463	0.0696189120050305	0.705803706361979	0.740823	0.7515054	0.739809294373027
464	0.0841559499780277	0.67002111602628	0.705712	0.720806	0.704279670325571
465	0.0771774200971481	0.692367273695291	0.722885	0.7333923	0.721887951687363
466	0.0779086122566631	0.699201302427582	0.7356129	0.7417461	0.735030874065368
467	0.0876652156751327	0.695201987737433	0.7345424	0.74494	0.733555732104105
468	0.0758130449075026	0.694421681685123	0.7227606	0.733404	0.721750643107908
469	0.0809279894579389	0.691036864384781	0.7287522	0.7401334	0.727672191948316
46	0.0809260348070421	0.66461459985386	0.6998203	0.7147507	0.698403478306622
470	0.0856391455282749	0.679741343930144	0.7198313	0.7287734	0.71898280855586
471	0.0742892179801184	0.70283586136042	0.7403613	0.7557957	0.738896727057809
472	0.0791636515878736	0.686672059472545	0.729128	0.7361351	0.728463068577935
473	0.0733518142946395	0.707988344037977	0.7483484	0.7618651	0.747065744117398
474	0.089427027893697	0.670022772287629	0.7010448	0.7189221	0.699348368252015
475	0.081914875197084	0.678481971017543	0.7155386	0.7284668	0.714311779610437
476	0.0844140033769954	0.686368084823597	0.7232693	0.7339019	0.722260360263741
477	0.0565926339460561	0.698863146466661	0.7210641	0.7325083	0.719978185348923
478	0.065579477433534	0.705916468210169	0.7396804	0.7503025	0.738672438343686
479	0.051760470270665	0.700794282069441	0.7161691	0.7265708	0.715182086017105
47	0.0717477679126768	0.687947430810562	0.7178228	0.731792	0.716497195576174
480	0.0777512904034476	0.685936222768584	0.7031996	0.7124873	0.702318317727113
481	0.0788198333223612	0.69055799720171	0.7244663	0.7345683	0.723507708152361
482	0.0918861938566379	0.702019169226481	0.7522198	0.7633878	0.751160030409576
483	0.0658055277895902	0.705032631995584	0.7310802	0.7439748	0.729856571390198
484	0.0798444253114225	0.688403823111167	0.7247345	0.7374753	0.723525458683977
485	0.0779303793911124	0.680069528016644	0.72631	0.7420808	0.724813440572086
486	0.0712507756735937	0.694558605173462	0.7260736	0.7357702	0.725153426529477
487	0.0865990168256228	0.682062230775112	0.725773	0.7374618	0.724663825804532
488	0.0819905070741923	0.68870444401187	0.7139018	0.7236076	0.712980741097981
489	0.0909451073497548	0.686633680406487	0.7297395	0.7421157	0.728565123637931
48	0.088277371388395	0.685471294132292	0.7282281	0.7441563	0.726716602761059
490	0.0906230363974326	0.695686674974103	0.7270403	0.7440764	0.725423671612111
491	0.0747232305675745	0.696364573967675	0.7223165	0.7299443	0.721592709745358
492	0.085775619014362	0.677609620464097	0.7156637	0.7340926	0.713914952313764
493	0.0780861269073685	0.696462068178112	0.7163948	0.7263561	0.715449570928822
494	0.0835725443435285	0.674244502330265	0.7152227	0.7278263	0.714026686339931
495	0.0709550940483646	0.696978534076642	0.7364013	0.7470834	0.735387620676147
496	0.0584287002804334	0.696962368822443	0.7218267	0.730455	0.72100794984102
497	0.0853351464052198	0.674714760773816	0.7137088	0.7255055	0.712589388997631
498	0.0730862160753125	0.69008329566746	0.7281369	0.7395913	0.727050024721907
499	0.0943551706060747	0.669512825626767	0.7090369	0.7186648	0.708123232274446
49	0.0615482627661315	0.715742514546898	0.7346069	0.7465277	0.733475719191915
4	0.0947228622043842	0.678975983981056	0.7187514	0.7324467	0.717451780457705
500	0.0764901258666045	0.684298288144349	0.7174568	0.7291908	0.716343357008929
50	0.0779128279177091	0.686236016593302	0.7229999	0.7331278	0.722038894982438
51	0.0735709736626797	0.69592681996456	0.7237122	0.7368995	0.722460877182456
52	0.0838387177355907	0.705575400735569	0.7410788	0.7574312	0.739527033005628
53	0.0870325832365954	0.684111649149212	0.7148185	0.7275395	0.71361140412676
54	0.0772575588627703	0.690243325279415	0.7256397	0.737062	0.724555773725995
55	0.0657522479146291	0.705133451630258	0.7259294	0.7382164	0.724763504487425
56	0.0694778521752657	0.689103591648098	0.7227833	0.7335107	0.721765381103276
57	0.0812796998780401	0.678151174683212	0.7184983	0.7318373	0.717232486509345
58	0.0803693723536304	0.696612248257864	0.7248133	0.7386798	0.723497511113165
59	0.0806559852611331	0.683535241651089	0.7172399	0.7308555	0.715947926652652
5	0.0928786372459127	0.668340989584577	0.7077365	0.7200315	0.706569828253875
60	0.0839687781675103	0.67789727583645	0.7139	0.730427	0.712331662910212
61	0.0960996375062764	0.687394560825485	0.7290335	0.7469789	0.727330628578431
62	0.0689312978327739	0.693189530808177	0.7305289	0.74039	0.729593161579983
63	0.0652768031994146	0.700363873040032	0.7281522	0.7409628	0.726936537221843
64	0.0937086164248121	0.670809542481805	0.7114251	0.7314453	0.709525291067151
65	0.0858915341639915	0.685501682938214	0.723493	0.7361177	0.722294971769854
66	0.0836733507449054	0.683892085780623	0.7149097	0.7292391	0.713549912615104
67	0.0663710726412595	0.681650884922532	0.7094113	0.7198098	0.708424558940921
68	0.0806934129930042	0.684459011349733	0.715902	0.7295089	0.71461077798568
69	0.0826470444433638	0.683087949196617	0.714285	0.7238578	0.713376657901188
6	0.0682137539040749	0.695557917730743	0.7276863	0.7423867	0.726291403049257
70	0.0849698185335063	0.68657803933833	0.7317554	0.7461032	0.730393913845764
71	0.0972497273460502	0.695144485961075	0.7294037	0.7445552	0.727965926572546
72	0.0663226639655376	0.693764308707051	0.7157708	0.7314212	0.714285700885801
73	0.0918625638095809	0.673609734115172	0.7030608	0.7272212	0.700768131608536
74	0.0623175568098951	0.711111027416128	0.742779	0.7563224	0.741493819519336
75	0.0594960070564374	0.70783125195924	0.7370462	0.7413263	0.736640088727323
76	0.0738870505217159	0.697982767052645	0.7267896	0.7360469	0.725911143084681
77	0.0854920675587344	0.689414811921951	0.7237926	0.7367667	0.722561496398587
78	0.0786702809833815	0.687228915016481	0.7226839	0.7407562	0.720968962407446
79	0.0542522680611193	0.721730899179116	0.7474758	0.7488412	0.747346204755417
7	0.0687057879261304	0.703272843572158	0.7338533	0.748101	0.732501353417581
80	0.0811199200612423	0.678979313788683	0.7154027	0.7284967	0.714160208503219
81	0.0800608949548368	0.7002603324758	0.7458826	0.7582728	0.744706865829526
82	0.0941036299707978	0.684727432005173	0.7292862	0.746045	0.727695974257972
83	0.0755699753527003	0.682555456472913	0.7204066	0.7343046	0.719087823076779
84	0.0767443770640157	0.702685017370998	0.737081	0.7474032	0.736101551436251
85	0.075971929490074	0.70251680842162	0.7341125	0.7516124	0.732451889182616
86	0.0649394134879606	0.695053087002892	0.7138804	0.7232675	0.712989648779194
87	0.0767692633116463	0.703612400795085	0.7240256	0.7346946	0.723013213479734
88	0.086523879254164	0.693056534838149	0.7229786	0.7378156	0.72157069046131
89	0.0795444525863842	0.686706294763792	0.7293401	0.7489557	0.727478700543671
8	0.0822187804444546	0.698615163447606	0.7372131	0.7503731	0.73596437128902
90	0.0685159781725212	0.689988576672071	0.7199238	0.7304646	0.718923562232652
91	0.0853933262194334	0.688190694920432	0.7258339	0.7426038	0.724242607249049
92	0.0773900735470243	0.701917629284863	0.7298494	0.7397179	0.72891297389109
93	0.0831379079397575	0.690426048997851	0.7301091	0.7477927	0.728431016911338
94	0.101619136814408	0.686426695574623	0.7324702	0.7493212	0.730871177635078
95	0.0882151639070661	0.685800647248298	0.7291391	0.744836	0.727649585814013
96	0.0939024157689693	0.677429113566925	0.720594	0.7319141	0.71951979945517
97	0.0883162076163014	0.680506363034464	0.7118021	0.7214353	0.710887986094779
98	0.0780560780159092	0.692048700272711	0.7342997	0.7437767	0.733400462486942
99	0.0818831869372952	0.697406385203472	0.7194454	0.7325604	0.718200862774614
9	0.0872594762143536	0.673425427991989	0.7042143	0.7183323	0.702874616824521
