seed	s	m	mean_global	mean_chr1	mean_restgenome
100	0.177693026978523	0.65	0.7247362	0.7512395	0.722221189837099
101	0.120610802294686	0.65	0.6905483	0.713763	0.688345456265244
102	0.126458769384772	0.65	0.6923291	0.7191485	0.689784096738252
103	0.0925523628946394	0.65	0.6961086	0.7117985	0.694619799067432
104	0.0137785602360964	0.65	0.6497913	0.6497892	0.649791486686954
105	0.191512023797259	0.65	0.73271	0.7622485	0.729907049269957
106	0.12079372103326	0.65	0.7014339	0.7196179	0.699708394564652
107	0.113666712446138	0.65	0.6983975	0.7195099	0.696394072076557
108	0.0762688172981143	0.65	0.6864829	0.6992852	0.685268011114527
109	0.0692109852097929	0.65	0.6812444	0.6953599	0.679904917091835
10	0.15293713840656	0.65	0.7162948	0.7401535	0.714030784080999
110	0.165891405334696	0.65	0.7255058	0.7514847	0.72304058710807
111	0.0866869216784835	0.65	0.6908722	0.7126076	0.688809648647203
112	0.0530340163502842	0.65	0.674336	0.6824221	0.67356874235523
113	0.0545057031791657	0.65	0.6681842	0.6797356	0.667088113592336
114	0.170710597932339	0.65	0.7261676	0.7497287	0.723931858629153
115	0.138661201484501	0.65	0.7064425	0.7232282	0.704849644274515
116	0.103640668932348	0.65	0.6924849	0.710302	0.690794244621879
117	0.0932055370416492	0.65	0.6882154	0.7049038	0.686631767866892
118	0.147887711646035	0.65	0.7061178	0.7302409	0.703828721565604
119	0.0408909297548234	0.65	0.6668833	0.6743993	0.666170108293014
11	0.13716220096685	0.65	0.7077799	0.7310523	0.705571571095426
120	0.0432789116632193	0.65	0.6551114	0.663636	0.65430247726899
121	0.0695465318858624	0.65	0.6806217	0.6838226	0.680317952211222
122	0.0475531392730772	0.65	0.6690072	0.6730393	0.668624579740719
123	0.124713008012623	0.65	0.7020156	0.7147136	0.700810619776523
124	0.172565000876784	0.65	0.729816	0.7503326	0.727869125031261
125	0.0936333066318184	0.65	0.686442	0.7019406	0.684971277160274
126	0.0832767604850233	0.65	0.6778828	0.6908527	0.676652059144684
127	0.192856613080949	0.65	0.7192132	0.7444903	0.716814577728204
128	0.0441941156517714	0.65	0.6774556	0.6748728	0.677700679272842
129	0.124541270779446	0.65	0.6975823	0.7213997	0.695322224453342
12	0.0253536533098668	0.65	0.6657494	0.6748887	0.664882173600967
130	0.0994140405673534	0.65	0.6894969	0.704761	0.688048411822022
131	0.162698847102001	0.65	0.7155385	0.733353	0.713848062606804
132	0.098981410684064	0.65	0.692308	0.704609	0.691140694216311
133	0.108915752731264	0.65	0.6937867	0.709553	0.692290601032632
134	0.0163328629452735	0.65	0.65438	0.6651024	0.653362569636401
135	0.0337994789239019	0.65	0.664128	0.6683697	0.663725520632524
136	0.0784936117939651	0.65	0.6873495	0.704052	0.68576459318688
137	0.0864077295176685	0.65	0.6874457	0.6969157	0.686547103047764
138	0.0122239821590483	0.65	0.6518913	0.6563205	0.65147104692003
139	0.171469350391999	0.65	0.7274534	0.7480294	0.725500933770986
13	0.196444525849074	0.65	0.7355796	0.7574853	0.733500891663381
140	0.155648044124246	0.65	0.7124639	0.7322261	0.710588673312606
141	0.190654321899638	0.65	0.7267982	0.746918	0.72488893951911
142	0.120184042304754	0.65	0.7021687	0.7170903	0.700752808912876
143	0.146207803441212	0.65	0.7068699	0.7316847	0.70451515537061
144	0.0863835440948606	0.65	0.6893391	0.7033456	0.688009964412154
145	0.0439227575901896	0.65	0.6680271	0.6743912	0.667423205746214
146	0.167240629903972	0.65	0.7047671	0.7350746	0.701891101340513
147	0.0761589250527322	0.65	0.6884034	0.6991369	0.687384904851276
148	0.161303539853543	0.65	0.7235004	0.7441204	0.721543752819087
149	0.156650757556781	0.65	0.7155882	0.7424011	0.713043837946356
14	0.147419530618936	0.65	0.6942432	0.712619	0.69249949107658
150	0.0728936637286097	0.65	0.6784527	0.6922041	0.677147747475248
151	0.114749685348943	0.65	0.6929263	0.706128	0.691673566790376
152	0.00100930142216384	0.65	0.6380685	0.6397084	0.637912846350278
153	0.0554205273278058	0.65	0.6765628	0.6909545	0.6751970897227
154	0.0064007168635726	0.65	0.6486177	0.6553732	0.647976639798396
155	0.180947451107204	0.65	0.7209289	0.7448928	0.718654950922908
156	0.146098611876369	0.65	0.7057361	0.7282381	0.703600877695734
157	0.00220100898295641	0.65	0.6629313	0.669678	0.662291096853171
158	0.0899694525171071	0.65	0.6858284	0.7038902	0.684114488036509
159	0.136904571391642	0.65	0.7048437	0.7297585	0.702479513385127
15	0.114884735969827	0.65	0.7069236	0.7268929	0.705028684776644
160	0.00307672442868352	0.65	0.6450426	0.6431376	0.64522341807762
161	0.141486231563613	0.65	0.7161009	0.743858	0.713466971910068
162	0.0436927481554449	0.65	0.6594863	0.6599046	0.659446649459172
163	0.15027229487896	0.65	0.7178777	0.7395503	0.715821152211197
164	0.00781392902135849	0.65	0.6547172	0.6522395	0.654952342118222
165	0.152006033016369	0.65	0.7093127	0.737758	0.70661346725417
166	0.195910504832864	0.65	0.7345435	0.7611152	0.732022102762634
167	0.118253830401227	0.65	0.7092279	0.7299627	0.707260323971777
168	0.105567626049742	0.65	0.681345	0.7062313	0.678983469420841
169	0.00620893272571266	0.65	0.658765	0.6579664	0.658840783358235
16	0.112262591626495	0.65	0.7057435	0.7231161	0.704094968773059
170	0.0563405871856958	0.65	0.6685235	0.6778391	0.667639557761923
171	0.191850532824174	0.65	0.7265295	0.7515331	0.724156887992355
172	0.065835471637547	0.65	0.6741018	0.6929687	0.672311491705462
173	0.146390621270984	0.65	0.7038613	0.7293216	0.701445336304162
174	0.0797775025945157	0.65	0.6845464	0.6977895	0.683289777620608
175	0.147215799242258	0.65	0.709321	0.735952	0.706793901325014
176	0.0729714163113385	0.65	0.6782539	0.6927422	0.676879065382561
177	0.0659731773659587	0.65	0.6826968	0.6918632	0.681827031360821
178	0.19144397713244	0.65	0.7295533	0.7576334	0.72688872931962
179	0.116104274056852	0.65	0.693457	0.7138951	0.691517611815359
17	0.10148939602077	0.65	0.6919607	0.7081601	0.690423504455673
180	0.0454348279163241	0.65	0.6795682	0.6865397	0.678906712629035
181	0.159330886462703	0.65	0.7118319	0.732571	0.709863938060827
182	0.111648563249037	0.65	0.6986151	0.7231253	0.696289316632327
183	0.113691790727898	0.65	0.7069251	0.7216601	0.705526900849136
184	0.115257511334494	0.65	0.7034147	0.7300841	0.700883960743058
185	0.0251269877422601	0.65	0.6696812	0.6776331	0.668926608626597
186	0.0936354993842542	0.65	0.6742036	0.6948064	0.672248565312629
187	0.159041696973145	0.65	0.7182158	0.7403687	0.716113710764131
188	0.0841117158997804	0.65	0.7002429	0.7121391	0.699114068530877
189	0.100840548379347	0.65	0.6952016	0.7171831	0.693115724039567
18	0.117525000451133	0.65	0.703187	0.7267534	0.700950732408923
190	0.170414291229099	0.65	0.7214008	0.7475269	0.718921630961233
191	0.0785395950078964	0.65	0.6847516	0.6956209	0.683720146270633
192	0.0185082819778472	0.65	0.6557434	0.6688015	0.654504232430711
193	0.00604586047120392	0.65	0.6571095	0.6547895	0.657329691885953
194	0.0859362802933902	0.65	0.6954222	0.7079433	0.694234008306692
195	0.00953431902453303	0.65	0.6544133	0.657675	0.654103836077546
196	0.101319787092507	0.65	0.6829196	0.6997466	0.681322879976886
197	0.0898471921682358	0.65	0.6966537	0.7112826	0.695265515013015
198	0.0476624955888838	0.65	0.674278	0.6862724	0.673139801680203
199	0.0212474453728646	0.65	0.6689704	0.6747777	0.668419353060526
19	0.0751928302459419	0.65	0.675837	0.6880178	0.674681166878712
1	0.0419079201761633	0.65	0.6821083	0.687868	0.681561781149209
200	0.0594019943848252	0.65	0.6798799	0.6874959	0.679157249486494
201	0.0043729308526963	0.65	0.6514648	0.6552232	0.651108177255045
202	0.138346386700869	0.65	0.7065622	0.7263085	0.704688419407042
203	0.115234341891482	0.65	0.7070044	0.7230303	0.705483630507954
204	0.00820587798953056	0.65	0.6589266	0.655222	0.659278173222627
205	0.0998723252676427	0.65	0.6964947	0.7105931	0.695156854436584
206	0.161789058754221	0.65	0.7173311	0.737538	0.715413660539227
207	0.188267001416534	0.65	0.7216924	0.7472297	0.719269067747754
208	0.140347179863602	0.65	0.7183867	0.734507	0.716857047640987
209	0.138166124979034	0.65	0.7160076	0.731915	0.714498065521902
20	0.0963720024097711	0.65	0.6880737	0.7063298	0.686341291086958
210	0.16149775213562	0.65	0.7182813	0.7425231	0.715980921605471
211	0.196150746941566	0.65	0.7330716	0.7528531	0.731194513865527
212	0.173723742179573	0.65	0.7237881	0.7466058	0.721622868772097
213	0.0825757382903248	0.65	0.6795409	0.6961385	0.677965918519599
214	0.0774116485845298	0.65	0.68394	0.7000553	0.682410832740773
215	0.182004983583465	0.65	0.7234725	0.7488219	0.721067035569825
216	0.101724966662005	0.65	0.7015265	0.722311	0.699554168441341
217	0.163440131256357	0.65	0.7214822	0.7443722	0.719310068480184
218	0.00902824942022562	0.65	0.6484328	0.6457305	0.648689272122914
219	0.172345912316814	0.65	0.7164762	0.7388538	0.714352782013005
21	0.0289700174704194	0.65	0.6655988	0.6645633	0.66569711268312
220	0.181639784248546	0.65	0.7220921	0.7478984	0.71964323146632
221	0.0942779533099383	0.65	0.6873782	0.7014537	0.686042539230524
222	0.193030991312116	0.65	0.7230695	0.7484235	0.720663586252424
223	0.175307485833764	0.65	0.711641	0.7405542	0.708897323549636
224	0.0167450055945665	0.65	0.6535921	0.6537218	0.653579795943085
225	0.00155956293456256	0.65	0.6535614	0.6563222	0.653299377610915
226	0.137419700855389	0.65	0.7001918	0.7237946	0.697952118309402
227	0.0348956977017224	0.65	0.6610237	0.6574893	0.661359104708043
228	0.0652770126238465	0.65	0.6780164	0.6872162	0.677143452818849
229	0.0508287589997053	0.65	0.6701573	0.6807676	0.669150451131544
22	0.0520521065685898	0.65	0.6655651	0.67009	0.665135753222988
230	0.10535801127553	0.65	0.6925389	0.7100256	0.690879601990323
231	0.0238073043059558	0.65	0.6613325	0.6654494	0.660941846438392
232	0.102134152268991	0.65	0.6895551	0.708533	0.687754225776234
233	0.00292120692320168	0.65	0.655077	0.6556919	0.655018669551263
234	0.149300000350922	0.65	0.7087681	0.7331536	0.706454127444598
235	0.129079246008769	0.65	0.6956095	0.7166609	0.693611855137189
236	0.0571937362197787	0.65	0.6746003	0.6840875	0.673699998846796
237	0.0970666497480124	0.65	0.7025712	0.7168911	0.701212387762254
238	0.183179591828957	0.65	0.7244523	0.7504682	0.721983626391133
239	0.0341385598760098	0.65	0.6628825	0.6668999	0.662501250265109
23	0.0814621436875314	0.65	0.6848177	0.6960295	0.683753744201164
240	0.145817173225805	0.65	0.6977324	0.7204921	0.695572657087447
241	0.0993653795216233	0.65	0.6915422	0.7063788	0.690134344577099
242	0.0306639564223588	0.65	0.6708079	0.6758503	0.670329435713945
243	0.064987929770723	0.65	0.6846584	0.696104	0.683572273291747
244	0.00113242324441671	0.65	0.6590582	0.6529748	0.659635479881621
245	0.041951498715207	0.65	0.6753897	0.6808071	0.674875605087232
246	0.027345459535718	0.65	0.6574833	0.6608882	0.657160158271737
247	0.130136175639927	0.65	0.7153613	0.7323666	0.713747653156272
248	0.136444079969078	0.65	0.7059511	0.7273071	0.703924606776916
249	0.155987116741017	0.65	0.725055	0.7477585	0.722900632715804
24	0.0665242884773761	0.65	0.6800586	0.697146	0.678437185007208
250	0.174730451358482	0.65	0.726335	0.7521725	0.72388319274423
251	0.0835734791588038	0.65	0.6800384	0.6973785	0.678392909069687
252	0.0335311829578131	0.65	0.6714051	0.680062	0.670583604846305
253	0.105803751060739	0.65	0.6977023	0.7086904	0.696659605209966
254	0.0211696389131248	0.65	0.6643717	0.6698157	0.663855080631781
255	0.182179656205699	0.65	0.733832	0.7570477	0.731628975426564
256	0.0671241597272456	0.65	0.6859408	0.6990901	0.684693029036504
257	0.154238178348169	0.65	0.7172923	0.7401026	0.715127737072735
258	0.0255977814551443	0.65	0.6642732	0.6696297	0.663764888153354
259	0.0293539195787162	0.65	0.6679649	0.6716738	0.667612973166891
25	0.063004291895777	0.65	0.6760901	0.6940612	0.67438476369765
260	0.0346164638642222	0.65	0.6699061	0.6760546	0.669322621299121
261	0.134827727265656	0.65	0.6977615	0.7190621	0.695740284949052
262	0.130829337611794	0.65	0.6959976	0.7123683	0.694444101701655
263	0.195849234471098	0.65	0.7292969	0.7565436	0.72671136849199
264	0.141526178689674	0.65	0.6997805	0.7259431	0.697297855450777
265	0.181806257646531	0.65	0.724066	0.74767	0.721826143520015
266	0.0265030214097351	0.65	0.6555017	0.6612742	0.654953980102521
267	0.0753288608975708	0.65	0.6864736	0.7032668	0.684880099656244
268	0.175043957307935	0.65	0.726249	0.7513364	0.723868365509723
269	0.074526842776686	0.65	0.6875368	0.7030996	0.686060014811578
26	0.100382608501241	0.65	0.6879015	0.7030441	0.686464558117743
270	0.162021278496832	0.65	0.7132936	0.735049	0.71122913487105
271	0.0213518230244517	0.65	0.655933	0.6647212	0.655099063052527
272	0.120106855966151	0.65	0.7101787	0.7326627	0.708045101263042
273	0.0175031097140163	0.65	0.651577	0.6545777	0.651292242461155
274	0.042776985745877	0.65	0.6741025	0.6858111	0.672991463852198
275	0.0141131021082401	0.65	0.656397	0.6597622	0.656077699735658
276	0.167726696189493	0.65	0.7243993	0.7493838	0.722028518034073
277	0.0443178160116076	0.65	0.6654312	0.6744384	0.664576458858694
278	0.183728590188548	0.65	0.7221869	0.7437015	0.72014534914206
279	0.097250598995015	0.65	0.7049461	0.7220649	0.70332168884621
27	0.103827917994931	0.65	0.6954231	0.7119949	0.693850551350408
280	0.0161279222927988	0.65	0.6621636	0.6678286	0.661626020783342
281	0.185916271386668	0.65	0.7210328	0.7482985	0.718445442037855
282	0.197812319872901	0.65	0.731665	0.7595738	0.729016714365669
283	0.0844545660540462	0.65	0.6754498	0.6870261	0.674351264250524
284	0.0760967455338687	0.65	0.6775427	0.6868432	0.676660104508859
285	0.0922175611369312	0.65	0.6991718	0.7170786	0.69747261281756
286	0.197709179203957	0.65	0.7252285	0.7545782	0.722443415156679
287	0.0854892913717777	0.65	0.6802067	0.6941718	0.67888150552865
288	0.152662018220872	0.65	0.7218147	0.7429658	0.719807578929435
289	0.188971686409786	0.65	0.7322289	0.7567939	0.729897838194528
28	0.0448141535744071	0.65	0.6603948	0.6605502	0.6603801035983
290	0.108103986829519	0.65	0.677558	0.6870613	0.676656196831051
291	0.0641307955607772	0.65	0.6833556	0.6920219	0.6825332856223
292	0.140292787505314	0.65	0.7101982	0.728849	0.708428372985679
293	0.0516973637510091	0.65	0.6691273	0.6805258	0.668045692978051
294	0.118028324190527	0.65	0.6977303	0.7109975	0.69647131905052
295	0.0101462995167822	0.65	0.6589015	0.6585478	0.658935065430989
296	0.0923496849369258	0.65	0.702538	0.7177868	0.701090984596456
297	0.184232674818486	0.65	0.7105179	0.736574	0.708045427855734
298	0.0287907113321126	0.65	0.6588821	0.6670328	0.658108716614652
299	0.12740541677922	0.65	0.7128711	0.7288729	0.711352643984752
29	0.154874266125262	0.65	0.7150428	0.7387967	0.712788797758979
2	0.179973944230005	0.65	0.7222453	0.7487491	0.719730303009611
300	0.0146600525360554	0.65	0.6474254	0.6465045	0.647512777416002
301	0.0407919446006417	0.65	0.6669955	0.6797888	0.665781484123874
302	0.126794629916549	0.65	0.6999811	0.7194405	0.698134508770512
303	0.0636902173515409	0.65	0.667058	0.6818782	0.665651637098421
304	0.182801618846133	0.65	0.7349149	0.7620724	0.732337889223757
305	0.0408088093157858	0.65	0.6661057	0.6735401	0.66540020848956
306	0.0659024493768811	0.65	0.6725669	0.6902759	0.67088643751953
307	0.10115520786494	0.65	0.6956685	0.7164834	0.693693373445666
308	0.0324735347181559	0.65	0.674418	0.6782758	0.674051916641513
309	0.132580435508862	0.65	0.7008079	0.7150982	0.699451812819353
30	0.0153478480409831	0.65	0.6671936	0.67206	0.666731837370805
310	0.151086252136156	0.65	0.7091886	0.7337937	0.706853734679732
311	0.161926389858127	0.65	0.720285	0.7399414	0.71841973904477
312	0.00927409138530493	0.65	0.6590674	0.6618564	0.658802792326366
313	0.062706505227834	0.65	0.6763049	0.6922638	0.674790513620877
314	0.177172574726865	0.65	0.7266392	0.7491244	0.724505551719958
315	0.0939180937130004	0.65	0.6895705	0.7115531	0.687484475437625
316	0.029367335466668	0.65	0.6655807	0.6735086	0.664828412311306
317	0.125778572866693	0.65	0.7010788	0.7188176	0.699395493133298
318	0.125253653898835	0.65	0.7108636	0.7314871	0.708906583878199
319	0.056430136738345	0.65	0.6796368	0.6864684	0.678988510363961
31	0.131519476650283	0.65	0.7130759	0.7343312	0.711058983478791
320	0.116504167718813	0.65	0.6967221	0.7135023	0.695129794084451
321	0.098633435042575	0.65	0.7022645	0.719621	0.700617480305669
322	0.171305586863309	0.65	0.7070181	0.7331982	0.704533862709359
323	0.183592982823029	0.65	0.7304202	0.7530557	0.728272289526712
324	0.0766331949736923	0.65	0.6833406	0.6969734	0.682046999211707
325	0.0803562060929835	0.65	0.6781219	0.6874619	0.67723562413628
326	0.0331591784022748	0.65	0.6649501	0.6728792	0.664197729023023
327	0.0515855038072914	0.65	0.6685643	0.6785103	0.667620533106499
328	0.0135353852063417	0.65	0.6655429	0.6678882	0.665320380817156
329	0.186143646063283	0.65	0.7307855	0.7527894	0.728697466025561
32	0.0420873017050326	0.65	0.6766979	0.685867	0.675827829699169
330	0.0355463813990355	0.65	0.6722588	0.6776508	0.671747104968339
331	0.197781335702166	0.65	0.7297247	0.7563721	0.727196126475867
332	0.0584621100686491	0.65	0.6588802	0.6705845	0.657769510149959
333	0.143088831147179	0.65	0.7094611	0.7323581	0.707288315797292
334	0.0761656161863357	0.65	0.6868826	0.7059752	0.685070873201215
335	0.0469897142145783	0.65	0.6656379	0.6763605	0.664620384571917
336	0.193514606263489	0.65	0.7218273	0.7456302	0.719568610046279
337	0.028820298332721	0.65	0.6582309	0.6612818	0.657941425202002
338	0.193665444338694	0.65	0.7327956	0.7580431	0.730399810591205
339	0.10135217490606	0.65	0.6971552	0.7171777	0.695255248545981
33	0.0291952588129789	0.65	0.675813	0.6806816	0.675350971728924
340	0.085467470344156	0.65	0.6835001	0.7003557	0.681900596543961
341	0.0368048659525812	0.65	0.6795764	0.6790213	0.67962912114837
342	0.132901811413467	0.65	0.7044653	0.7269558	0.702331128946813
343	0.0731079577933997	0.65	0.6784892	0.6921689	0.677191091277474
344	0.104271543538198	0.65	0.6990272	0.7162933	0.697388757339573
345	0.0775616499129683	0.65	0.6862915	0.6987429	0.685109938529337
346	0.186454329267144	0.65	0.7167307	0.7455937	0.713991785607709
347	0.145252117933705	0.65	0.7140688	0.7362096	0.71196786310653
348	0.160388695402071	0.65	0.7219886	0.7517151	0.719167766377819
349	0.166161977592856	0.65	0.7088899	0.7337124	0.706534410317506
34	0.143037351453677	0.65	0.7147558	0.737296	0.71261692388502
350	0.185538960620761	0.65	0.7204726	0.7461445	0.718036545131175
351	0.0858479217160493	0.65	0.6821768	0.6979972	0.680675529196252
352	0.097394433664158	0.65	0.6981271	0.7101012	0.696990867442741
353	0.119595480663702	0.65	0.6970442	0.7155932	0.695284037879264
354	0.0290612523443997	0.65	0.6476339	0.6555377	0.646883949728257
355	0.194056041399017	0.65	0.730669	0.7510007	0.728739702650064
356	0.0227201219182462	0.65	0.6577177	0.6639396	0.657127293719184
357	0.135098626883701	0.65	0.707516	0.7338975	0.705012626132615
358	0.0429408289957792	0.65	0.6689023	0.6847446	0.667398956449864
359	0.152416481636465	0.65	0.7167983	0.7319129	0.715363998107724
35	0.182878885325044	0.65	0.7176582	0.7429987	0.715253536790898
360	0.0202548718079925	0.65	0.6587292	0.6625738	0.65836434444728
361	0.0594952061772347	0.65	0.678564	0.6888595	0.677587003232015
362	0.145945993438363	0.65	0.7061201	0.7249759	0.704330877929824
363	0.17041888916865	0.65	0.7195396	0.7429083	0.717322078469587
364	0.184874832537025	0.65	0.7264094	0.750835	0.724091575195179
365	0.180101063335314	0.65	0.7209605	0.7486288	0.718335047738257
366	0.0188199627678841	0.65	0.6470245	0.6544661	0.646318356472667
367	0.186334652546793	0.65	0.7232835	0.7455867	0.721167131673462
368	0.0736016355920583	0.65	0.6779177	0.691177	0.676659514311136
369	0.129937932500616	0.65	0.7034668	0.7261222	0.701316939835586
36	0.0609966015443206	0.65	0.6887627	0.6975847	0.687925605231826
370	0.194283067248762	0.65	0.7276079	0.7540173	0.725101867775309
371	0.163223339710385	0.65	0.7081023	0.7277212	0.706240659106874
372	0.00362862953916192	0.65	0.6481284	0.6513012	0.647827296646478
373	0.0997912930324674	0.65	0.6940645	0.711177	0.692440650958195
374	0.0128134503494948	0.65	0.663754	0.668382	0.66331486941412
375	0.193402685550973	0.65	0.7236936	0.7500627	0.721191389155719
376	0.00628769327886403	0.65	0.6489183	0.6519221	0.648633260675239
377	0.0501093600876629	0.65	0.68037	0.6849768	0.679932838005083
378	0.0230547642335296	0.65	0.6549837	0.6507675	0.655383769267409
379	0.18948007277213	0.65	0.7226928	0.7433013	0.720737166567614
37	0.0632406843826175	0.65	0.6823584	0.6924011	0.681405445533848
380	0.196520794415846	0.65	0.7245756	0.7551325	0.721675956698449
381	0.101491851499304	0.65	0.7009838	0.7151839	0.699636366689473
382	0.187169210566208	0.65	0.7133715	0.7352381	0.711296531359794
383	0.102453989675269	0.65	0.7002219	0.71579	0.698744620126382
384	0.0449171875137836	0.65	0.6632657	0.6749748	0.662154585520982
385	0.18219950911589	0.65	0.731653	0.7520533	0.729717135688086
386	0.10417092400603	0.65	0.7033313	0.7161165	0.702118101270855
387	0.0690901328343898	0.65	0.681238	0.6853343	0.680849241822536
388	0.146878903917968	0.65	0.7153005	0.7351212	0.713419722549428
389	0.120351583976299	0.65	0.7040157	0.7245081	0.702071079974212
38	0.0493361623026431	0.65	0.6813571	0.6926903	0.680281710818887
390	0.197404821775854	0.65	0.7327431	0.7549903	0.730631970378651
391	0.0353144975844771	0.65	0.6630965	0.6654846	0.662869863917544
392	0.189674373390153	0.65	0.7272439	0.756611	0.724457195596365
393	0.15707731214352	0.65	0.7194336	0.7429243	0.717204523064186
394	0.184749503806233	0.65	0.7199325	0.7484673	0.717224731319676
395	0.00529207908548415	0.65	0.6635746	0.66047	0.663869160970876
396	0.0317051726859063	0.65	0.6578608	0.6601123	0.657647196892731
397	0.0390887089073658	0.65	0.6594523	0.6653211	0.658895414810023
398	0.193505039392039	0.65	0.7220803	0.7501596	0.719415761839379
399	0.0668948807287961	0.65	0.6784174	0.6888372	0.677428601020753
39	0.069750810880214	0.65	0.6785948	0.6945558	0.677080201198933
3	0.145865478040651	0.65	0.7060268	0.7308446	0.703671772624924
400	0.0110186264384538	0.65	0.6581305	0.6622037	0.657743968747563
401	0.0223638177383691	0.65	0.658247	0.6632007	0.657776905431817
402	0.109034271491691	0.65	0.694704	0.7119303	0.693069348610166
403	0.0627883738372475	0.65	0.6772628	0.68451	0.676575056918784
404	0.0292369490955025	0.65	0.6582454	0.6648868	0.657615127900476
405	0.176851707836613	0.65	0.7161441	0.7460265	0.713308492287074
406	0.115034385630861	0.65	0.6979	0.716584	0.696126993926513
407	0.11952925384976	0.65	0.7054425	0.7220037	0.703871007488778
408	0.094162721792236	0.65	0.6831822	0.7008238	0.681508152240387
409	0.0263154947198927	0.65	0.6540825	0.6664373	0.652910071779795
40	0.139761694474146	0.65	0.7129899	0.7363719	0.710771113695698
410	0.116970922471955	0.65	0.700441	0.7175566	0.698816872798946
411	0.104222325235605	0.65	0.7015467	0.7183361	0.699953481345294
412	0.109267990849912	0.65	0.6896224	0.7087155	0.687810564628897
413	0.162208304647356	0.65	0.7096339	0.7360076	0.707131265442319
414	0.111337835621089	0.65	0.6930454	0.7094991	0.69148407594454
415	0.177359249675646	0.65	0.7235686	0.7470573	0.721339669047127
416	0.136624774057418	0.65	0.7062058	0.7275174	0.704183541569002
417	0.148525966191664	0.65	0.7052371	0.7268167	0.703189359163513
418	0.146779020316899	0.65	0.7111747	0.7342068	0.708989131251279
419	0.119044454442337	0.65	0.7003523	0.7195612	0.698529556600048
41	0.0247402203734964	0.65	0.6734121	0.6774192	0.673031903247318
420	0.148416269989684	0.65	0.714898	0.7379303	0.712712408066131
421	0.0242912581190467	0.65	0.6520111	0.6557046	0.651660661460206
422	0.0090229045599699	0.65	0.6548569	0.6560356	0.654745039532317
423	0.0166338715702295	0.65	0.659266	0.6627192	0.658938349600205
424	0.095096954330802	0.65	0.7144017	0.7247565	0.713419095910274
425	0.00840227771550417	0.65	0.6614491	0.661518	0.661442527799306
426	0.155380110163242	0.65	0.722334	0.7440841	0.720270054071122
427	0.119049276877195	0.65	0.6963627	0.7111856	0.69495608910989
428	0.170000199694186	0.65	0.72081	0.7419515	0.718803855860597
429	0.0286533408798277	0.65	0.6760385	0.6839827	0.675284673317657
42	0.0273037042934448	0.65	0.6660421	0.668805	0.665779899195945
430	0.167623786814511	0.65	0.7156622	0.7403119	0.713323119956528
431	0.0630223797168583	0.65	0.6664163	0.6807221	0.66505877344144
432	0.177226208755746	0.65	0.7170263	0.738975	0.714943504921171
433	0.050640884693712	0.65	0.6769528	0.6877353	0.67592963228551
434	0.114917626231909	0.65	0.7087566	0.7228447	0.707419718923874
435	0.141335118468851	0.65	0.7099584	0.7268388	0.708356558218111
436	0.0120317054446787	0.65	0.668446	0.6682961	0.668460201796442
437	0.0246407173573971	0.65	0.6607321	0.6624321	0.660570796178648
438	0.112584192771465	0.65	0.6914357	0.7114929	0.68953244172524
439	0.0266382574569434	0.65	0.673606	0.6835038	0.672666743862986
43	0.0477503560949117	0.65	0.6673645	0.671864	0.666937565606071
440	0.0880669240374118	0.65	0.6917002	0.6993786	0.6909716141702
441	0.117466042144224	0.65	0.6973179	0.7144213	0.695694974946887
442	0.164008898288012	0.65	0.723036	0.7454754	0.720906721096419
443	0.0526673682034016	0.65	0.6844708	0.6906821	0.683881388402073
444	0.0693343211431056	0.65	0.683163	0.7030198	0.681278792233839
445	0.135898476466537	0.65	0.6988759	0.717265	0.697130876465708
446	0.0798755614552647	0.65	0.6883828	0.704996	0.686806373573982
447	0.158470084844157	0.65	0.7197727	0.7337113	0.718450012286159
448	0.0840889932587743	0.65	0.6890486	0.7051863	0.687517254555972
449	0.144830682175234	0.65	0.6991983	0.7200323	0.697221336595031
44	0.0163104321807623	0.65	0.6658341	0.6733557	0.665120402795867
450	0.14150492544286	0.65	0.7088415	0.7289738	0.7069311316308
451	0.0919116476085037	0.65	0.6868605	0.7042912	0.685206508353719
452	0.0601733916439116	0.65	0.6882143	0.6941979	0.687646532570868
453	0.184907244564965	0.65	0.7350219	0.7563501	0.73299805433681
454	0.0244826863054186	0.65	0.6708624	0.6664871	0.671277542819358
455	0.0440751723013818	0.65	0.658936	0.6709256	0.65779829427264
456	0.000553686078637838	0.65	0.6394475	0.6465772	0.638770942030728
457	0.131097987107933	0.65	0.7068418	0.7255356	0.705067882501623
458	0.100730206910521	0.65	0.696164	0.7132539	0.694542264299476
459	0.0467444906011224	0.65	0.6653183	0.6727853	0.664609739052958
45	0.0776162079069763	0.65	0.6925791	0.7033731	0.69155489187237
460	0.076559631107375	0.65	0.6951887	0.7056431	0.694196687120628
461	0.165855649858713	0.65	0.7136174	0.7376576	0.711336176965326
462	0.0337564752902836	0.65	0.6582383	0.6681818	0.657294791927877
463	0.118515061680228	0.65	0.6962816	0.7206672	0.693967596664461
464	0.104088678630069	0.65	0.6952491	0.7130399	0.693560877406695
465	0.070988201815635	0.65	0.6877769	0.689908	0.687574686772592
466	0.111407557642087	0.65	0.7060455	0.7191099	0.704805830643017
467	0.064529963536188	0.65	0.6790696	0.6963076	0.677433816624137
468	0.188202941277996	0.65	0.725127	0.7510625	0.722665919409344
469	0.0651831805240363	0.65	0.6826079	0.6956523	0.681370070934205
46	0.0569772855844349	0.65	0.681808	0.6871755	0.681298628244682
470	0.0705627129878849	0.65	0.6811171	0.6942129	0.679874394469156
471	0.170657776948065	0.65	0.7165294	0.7365897	0.714625818216153
472	0.136242717830464	0.65	0.7097702	0.7269411	0.708140844180994
473	0.0451264738105238	0.65	0.681304	0.6917557	0.680312183252792
474	0.0578984290361404	0.65	0.6719215	0.6852064	0.670660850235359
475	0.0772142518311739	0.65	0.6972049	0.7135317	0.69565565427692
476	0.124510303605348	0.65	0.7069316	0.7327917	0.704477662252284
477	0.139667597785592	0.65	0.7105567	0.7346415	0.708271218970793
478	0.0409861688036472	0.65	0.6740916	0.6859488	0.672966480699207
479	0.17949889767915	0.65	0.7305642	0.7513101	0.728595541095066
47	0.197621578583494	0.65	0.730039	0.7520864	0.727946824697275
480	0.0473983144853264	0.65	0.6723613	0.6871233	0.670960459321849
481	0.199793911585584	0.65	0.7280352	0.758652	0.725129937564567
482	0.185025343066081	0.65	0.7279726	0.7517126	0.725719870691144
483	0.0374838978052139	0.65	0.666749	0.6740972	0.666051726057425
484	0.180100506078452	0.65	0.7229073	0.7456855	0.720745840197423
485	0.0519763862714171	0.65	0.6808551	0.6870606	0.680266238734033
486	0.0324183859862387	0.65	0.6600572	0.668625	0.659244154445124
487	0.013205299526453	0.65	0.6623598	0.6637482	0.662228080158849
488	0.171108590299264	0.65	0.7120112	0.7351864	0.709812015170795
489	0.00353345447219908	0.65	0.6376981	0.638828	0.637590869994137
48	0.0787755406461656	0.65	0.689358	0.7010247	0.688250943218178
490	0.121988697256893	0.65	0.6912552	0.7112182	0.689360876146062
491	0.0354769423604012	0.65	0.675455	0.6839927	0.674644813781939
492	0.0747488331049681	0.65	0.6819226	0.6940733	0.680769562159894
493	0.0933802948798984	0.65	0.688844	0.7030018	0.687500484388454
494	0.181087540928274	0.65	0.7182443	0.7389895	0.716275780890948
495	0.0455399709753692	0.65	0.6790996	0.6870755	0.678342799160078
496	0.152234027720988	0.65	0.7208281	0.7478912	0.718260009398733
497	0.194512464897707	0.65	0.7274121	0.7551045	0.724784346398663
498	0.0621453364845365	0.65	0.6784961	0.6887948	0.677518875631531
499	0.128509887959808	0.65	0.704298	0.7219676	0.702621274598283
49	0.0218313324730843	0.65	0.666376	0.6716657	0.66587402782421
4	0.146373162558302	0.65	0.7162311	0.7380878	0.71415702310396
500	0.1601220945362	0.65	0.7246452	0.7490711	0.722327350122321
50	0.101422224286944	0.65	0.6860411	0.7064915	0.684100562134401
51	0.0913329251110554	0.65	0.6852571	0.7047901	0.683403568103515
52	0.0351203235797584	0.65	0.6702275	0.6754129	0.669735421968736
53	0.103794070146978	0.65	0.702508	0.7166592	0.701165109554325
54	0.00716276299208403	0.65	0.6513928	0.6575893	0.650804838018006
55	0.166553155705333	0.65	0.7152243	0.7398069	0.712891637959014
56	0.148277354985476	0.65	0.7040249	0.7319871	0.701371503476534
57	0.0814044325612485	0.65	0.674014	0.6858332	0.672892416061266
58	0.176711382716894	0.65	0.7347634	0.7532125	0.733012769346903
59	0.0526276714168489	0.65	0.6749258	0.6796107	0.674481200275418
5	0.0302155831828713	0.65	0.6623249	0.6736134	0.66125369360523
60	0.129702982585877	0.65	0.7003984	0.7201601	0.698523191006654
61	0.194850891223177	0.65	0.7332805	0.7531281	0.731397068988474
62	0.0806912858504802	0.65	0.6831799	0.695065	0.682052135663898
63	0.159657008061185	0.65	0.7114746	0.7331551	0.709417275251225
64	0.178898005606607	0.65	0.7195283	0.7402241	0.717564479512337
65	0.0986494126264006	0.65	0.6853361	0.7021925	0.683736607008662
66	0.0945815104059875	0.65	0.6948973	0.7049912	0.693939483599379
67	0.0934439698234201	0.65	0.6879942	0.7016513	0.686698296610205
68	0.175291307782754	0.65	0.7274363	0.7510942	0.725191336938496
69	0.154204887198284	0.65	0.7265564	0.7441369	0.724888093537612
6	0.181334850750864	0.65	0.7141951	0.7370218	0.712028970908677
70	0.144299178337678	0.65	0.7066838	0.7266619	0.704787999051414
71	0.0575501726474613	0.65	0.6668928	0.6803674	0.665614218703726
72	0.162204378657043	0.65	0.7011206	0.7209726	0.699236769380218
73	0.0813038139604032	0.65	0.6887885	0.7048025	0.687268933307887
74	0.0346959492191672	0.65	0.6742281	0.6867115	0.673043507246961
75	0.122202884312719	0.65	0.695213	0.7147223	0.693361696862702
76	0.0500652793329209	0.65	0.6662356	0.6763142	0.66527927671231
77	0.038382123131305	0.65	0.6610793	0.6700545	0.660227669678689
78	0.0839698255993426	0.65	0.6839572	0.6991966	0.682511136571584
79	0.0215613051783294	0.65	0.6594279	0.6655891	0.658843211994791
7	0.120698543498293	0.65	0.7011713	0.7208989	0.699299345493006
80	0.162315065739676	0.65	0.7208912	0.739653	0.719110892323865
81	0.0884950324892998	0.65	0.6866741	0.7003191	0.685379335786323
82	0.180819655628875	0.65	0.724927	0.7459493	0.722932120568638
83	0.0232530984096229	0.65	0.6724965	0.6760889	0.672155629199817
84	0.127803804213181	0.65	0.7036079	0.7169847	0.702338554104011
85	0.117613015742973	0.65	0.7091337	0.7284547	0.707300267214958
86	0.098042732803151	0.65	0.6875667	0.7083359	0.685595827137436
87	0.00842446992173791	0.65	0.6659959	0.6787316	0.664787407177505
88	0.0846279464196414	0.65	0.679368	0.6934086	0.678035693661262
89	0.130637378524989	0.65	0.7166787	0.7357228	0.714871554609926
8	0.152935981191695	0.65	0.7108261	0.7317606	0.70883957366895
90	0.131208200473338	0.65	0.7074664	0.7369159	0.704671901637799
91	0.0237321783322841	0.65	0.6611701	0.6662212	0.660690759120847
92	0.0697478452697396	0.65	0.6832913	0.7023451	0.681483235795708
93	0.090528232511133	0.65	0.6849669	0.702281	0.683323965271005
94	0.0223770279902965	0.65	0.6448317	0.6496587	0.644373665903132
95	0.059005765337497	0.65	0.6747645	0.6860279	0.673695644883622
96	0.120992859406397	0.65	0.6953364	0.7098683	0.693957484611725
97	0.0391001844312996	0.65	0.6603362	0.6720395	0.659225602270213
98	0.0337538207881153	0.65	0.6658022	0.6774675	0.664695215143395
99	0.104587607644498	0.65	0.6884878	0.7055718	0.686866643842596
9	0.00391824264079332	0.65	0.6639695	0.6630175	0.664059864620295
