seed	s	m	mean_global	mean_chr1	mean_restgenome
100	0.167470398545265	0.65	0.7275107	0.7423727	0.712238987830176
101	0.137543464591727	0.65	0.7213893	0.7296627	0.712887692355457
102	0.143371784407645	0.65	0.7210949	0.7285691	0.713414674525565
103	0.0514048648998141	0.65	0.69412	0.6967819	0.691384830313949
104	0.0877909807953984	0.65	0.6915126	0.700152	0.682635081621674
105	0.167048042314127	0.65	0.7335393	0.7461171	0.720614598852884
106	0.155997578566894	0.65	0.7298343	0.7426693	0.716645391195001
107	0.0218867233023047	0.65	0.6601013	0.6647916	0.655281715535051
108	0.0151648965198547	0.65	0.6641806	0.6650679	0.663268831378516
109	0.174798295181245	0.65	0.7427601	0.7566097	0.728528576461544
10	0.167220186349005	0.65	0.7213919	0.736698	0.705663651088906
110	0.0462945388630033	0.65	0.6745966	0.6804243	0.668608182976514
111	0.192353434488177	0.65	0.7355578	0.7531283	0.717502919041152
112	0.183040001848713	0.65	0.7318909	0.7494465	0.713851251786263
113	0.176424484234303	0.65	0.7276002	0.7388784	0.716011071063054
114	0.0630816872697324	0.65	0.6941468	0.7021116	0.685962483223503
115	0.0538902163505554	0.65	0.6705032	0.680271	0.660466137358062
116	0.10740519836545	0.65	0.7069543	0.7167093	0.696930465030195
117	0.101565989432856	0.65	0.7058258	0.7156404	0.695740739726564
118	0.198533892724663	0.65	0.7438772	0.7557287	0.731698872153221
119	0.021420867415145	0.65	0.6647157	0.6665532	0.662827510751637
11	0.175671056983992	0.65	0.7432756	0.7509778	0.735360997720991
120	0.168002838036045	0.65	0.7317873	0.745259	0.717944120194302
121	0.0121934988070279	0.65	0.652566	0.6527309	0.652396583634124
122	0.0662518504075706	0.65	0.6901127	0.695433	0.684645651409472
123	0.0489620481617749	0.65	0.6724016	0.6815108	0.663041264035444
124	0.0947329439222813	0.65	0.6986047	0.7109973	0.685870376725948
125	0.00844526789151132	0.65	0.6493025	0.6513088	0.647240946109408
126	0.192993205599487	0.65	0.7400978	0.7506488	0.729255818872212
127	0.00593160591088235	0.65	0.6536594	0.6538125	0.653502150331858
128	0.0817939830478281	0.65	0.700529	0.7126443	0.688079621860037
129	0.182883423566818	0.65	0.7229623	0.7378777	0.707635586925498
12	0.199820471182466	0.65	0.7443349	0.7599086	0.728331767033583
130	0.0326273405458778	0.65	0.6702677	0.6776775	0.662653581643785
131	0.0231850584037602	0.65	0.6691625	0.6739036	0.664290743348287
132	0.188652418972924	0.65	0.7387027	0.7565217	0.720392484523764
133	0.0478864538948983	0.65	0.6829669	0.6870623	0.678758551908885
134	0.042670665634796	0.65	0.6870656	0.6883451	0.685750829315503
135	0.0616783646866679	0.65	0.682469	0.6919825	0.672693182941474
136	0.123416312318295	0.65	0.7146899	0.7252673	0.703820917870434
137	0.0505528637673706	0.65	0.6823424	0.6902921	0.674173491397377
138	0.0303653058130294	0.65	0.6815582	0.684135	0.67891038967159
139	0.124054742092267	0.65	0.7045156	0.7200414	0.688561795192712
13	0.108587505016476	0.65	0.7128599	0.7213556	0.70413003364605
140	0.133273847401142	0.65	0.7230159	0.7358715	0.7098059802181
141	0.13541476232931	0.65	0.7171942	0.7299501	0.704086581425416
142	0.0654710435308516	0.65	0.6950033	0.7007161	0.689132868844101
143	0.0828766369260848	0.65	0.703519	0.7137376	0.693018665828509
144	0.121394615480676	0.65	0.6985809	0.7123195	0.684463441185793
145	0.0902537285815924	0.65	0.7024188	0.7120708	0.69250078412239
146	0.129547309316695	0.65	0.7085158	0.7247684	0.691815119876966
147	0.0753472061827779	0.65	0.6881558	0.6978916	0.678151598596585
148	0.121289484854788	0.65	0.7080002	0.7196859	0.695992277001346
149	0.169880885723978	0.65	0.7304874	0.7458824	0.714667933562777
14	0.0585188621655107	0.65	0.6805334	0.6907965	0.669987446675084
150	0.137994070304558	0.65	0.7227467	0.7361048	0.709020298683539
151	0.0336222741287202	0.65	0.6553003	0.6587993	0.6517047641755
152	0.0133585753384978	0.65	0.6476822	0.6480437	0.647310773518315
153	0.0941225513350219	0.65	0.6952341	0.7087656	0.681329492743463
154	0.157576666539535	0.65	0.726023	0.7401893	0.7114661113552
155	0.158776265149936	0.65	0.7266913	0.7402548	0.712753975540801
156	0.117217745445669	0.65	0.7186126	0.7276125	0.709364450851969
157	0.0747153926640749	0.65	0.6893085	0.6945032	0.683970488059663
158	0.140754505293444	0.65	0.7106467	0.7224123	0.698556694698389
159	0.0249709540046752	0.65	0.6604	0.6665021	0.654129786248628
15	0.0236433244310319	0.65	0.6605844	0.663327	0.657766149004301
160	0.153778803301975	0.65	0.7222521	0.7346296	0.709533293909442
161	0.0581627186853439	0.65	0.6742379	0.6754722	0.672969666109796
162	0.0928792048245669	0.65	0.6926459	0.7000928	0.684993759987704
163	0.0745697058737278	0.65	0.6894936	0.6971381	0.681638427891181
164	0.162439983710647	0.65	0.7249749	0.7361251	0.713517295876579
165	0.122521725157276	0.65	0.7216661	0.7368906	0.706021843671735
166	0.00719205555506051	0.65	0.65772	0.6583559	0.657066538960048
167	0.00176835390739143	0.65	0.6477486	0.6488645	0.646601959654416
168	0.122269631270319	0.65	0.7124354	0.7258846	0.698615300072363
169	0.135700327483937	0.65	0.706574	0.7199081	0.692872326053287
16	0.0644255031365901	0.65	0.6887934	0.6934407	0.684018003744795
170	0.0896013730671257	0.65	0.698337	0.7067088	0.689734275606423
171	0.036884195683524	0.65	0.666471	0.6724855	0.660290617006163
172	0.172327549010515	0.65	0.7300959	0.7493393	0.710321994055566
173	0.0526930226013064	0.65	0.6708127	0.6793291	0.662061585430241
174	0.145677255140617	0.65	0.7204518	0.7331708	0.707382223702051
175	0.132993316510692	0.65	0.7127973	0.7253433	0.699905474560588
176	0.127649720013142	0.65	0.7250817	0.7366135	0.713232079041056
177	0.0815647094044834	0.65	0.6942619	0.6961647	0.692306562856436
178	0.148433838505298	0.65	0.7171442	0.7298941	0.704042730013119
179	0.0691636295523494	0.65	0.6957985	0.7003841	0.691086565999414
17	0.0475699964910746	0.65	0.6862984	0.6936653	0.678728249897519
180	0.0667605164460838	0.65	0.6677976	0.6706172	0.664900233190286
181	0.0850215984042734	0.65	0.697815	0.7031567	0.692325973552911
182	0.112707638507709	0.65	0.7068081	0.7144895	0.698915005668162
183	0.15358679741621	0.65	0.7414809	0.7522795	0.730384579435095
184	0.0460843719076365	0.65	0.6838704	0.6930669	0.674420363906395
185	0.0875482759904117	0.65	0.6955824	0.7072201	0.683623858862418
186	0.196082271449268	0.65	0.7402861	0.7521451	0.728100134560769
187	0.167047948995605	0.65	0.7354917	0.7485387	0.722085087762547
188	0.143622428225353	0.65	0.72629	0.742725	0.709401997418597
189	0.00048688966780901	0.65	0.6625795	0.6618402	0.663339108746636
18	0.0317141514271498	0.65	0.6709722	0.6762858	0.665512149656081
190	0.00818522330373526	0.65	0.6476515	0.6429915	0.65243988913915
191	0.0342415465973318	0.65	0.6628838	0.6607319	0.66509495832604
192	0.0596191441174597	0.65	0.6759829	0.6826862	0.669094716747491
193	0.158391904318705	0.65	0.7356777	0.7487011	0.722295326731989
194	0.00418854812160134	0.65	0.6661172	0.6659892	0.666248635327963
195	0.140428390307352	0.65	0.7301988	0.7428948	0.717152715230534
196	0.167068601120263	0.65	0.7314212	0.747866	0.71452300906733
197	0.103370957402512	0.65	0.7104634	0.7200579	0.700604424716671
198	0.0813079415354878	0.65	0.6913941	0.7038176	0.678627999382451
199	0.152175916265696	0.65	0.7276943	0.741589	0.713416508284961
19	0.00912151006050408	0.65	0.653455	0.6549199	0.651949669870807
1	0.00268827807158232	0.65	0.6482166	0.6510553	0.645299517390295
200	0.0484594449400902	0.65	0.6666999	0.6773747	0.65573072712804
201	0.187516306480393	0.65	0.735243	0.749783	0.720302050555336
202	0.0607399405911565	0.65	0.6752595	0.6829285	0.667378983399161
203	0.0466044033877552	0.65	0.6822271	0.6885997	0.675678768422949
204	0.16647025491111	0.65	0.7296242	0.7450229	0.713801043631736
205	0.198307344317436	0.65	0.743098	0.7584384	0.727334722364828
206	0.044773776223883	0.65	0.6669895	0.6671522	0.666822341573532
207	0.137466448592022	0.65	0.7197647	0.7297712	0.709482355916109
208	0.0339149792212993	0.65	0.6586405	0.6593674	0.657893677197156
209	0.0839695889037103	0.65	0.6945704	0.6994397	0.689566892286199
20	0.18875495987013	0.65	0.7475161	0.7642984	0.730271104380276
210	0.153891630191356	0.65	0.7278531	0.7475715	0.70759105262404
211	0.0544353125616908	0.65	0.678175	0.6883954	0.667672825608668
212	0.134994242340326	0.65	0.7172291	0.7265674	0.707633358234446
213	0.0845653142314404	0.65	0.6843259	0.6957701	0.672566260437135
214	0.0928008606657386	0.65	0.6989666	0.7118933	0.685683479149627
215	0.143177011562511	0.65	0.7168777	0.7323362	0.700993107776423
216	0.0474552597850561	0.65	0.6812167	0.6900658	0.672123740962821
217	0.0731655245646834	0.65	0.7086129	0.7138908	0.703189374997312
218	0.185803024051711	0.65	0.7440639	0.7578304	0.729917860918086
219	0.121748713590205	0.65	0.7089595	0.717663	0.700015977825026
21	0.0425678381696343	0.65	0.6591362	0.6685137	0.649500037113208
220	0.110143338562921	0.65	0.7034576	0.7159481	0.690622841236295
221	0.020156233292073	0.65	0.6531546	0.6535124	0.652786856019167
222	0.0541956366039813	0.65	0.6755659	0.6800534	0.670954567560278
223	0.144347232766449	0.65	0.7289464	0.7448217	0.712633428316362
224	0.153073145216331	0.65	0.733872	0.7475908	0.719775002495432
225	0.0392706286627799	0.65	0.667274	0.672867	0.661526892427443
226	0.0924292413983494	0.65	0.7022432	0.7099421	0.694332022690338
227	0.0470539428293705	0.65	0.6786857	0.683353	0.67388971309296
228	0.123663314664736	0.65	0.7164824	0.7286302	0.7039996408079
229	0.188227098342031	0.65	0.7354856	0.7545943	0.715849985528138
22	0.0896852508187294	0.65	0.7031497	0.7098114	0.696304334813686
230	0.0333462115377188	0.65	0.6746446	0.680446	0.668683315306937
231	0.106798499682918	0.65	0.7048763	0.7142103	0.695284889403288
232	0.0159752083476633	0.65	0.6501299	0.6537247	0.646435894366616
233	0.110187617270276	0.65	0.7126074	0.7207343	0.704256442760111
234	0.173296848870814	0.65	0.7294789	0.7422559	0.716349704637875
235	0.0543148644734174	0.65	0.6950885	0.6986871	0.691390786776022
236	0.0538999925833195	0.65	0.6764121	0.6828869	0.66975880649293
237	0.0648528612218797	0.65	0.6855837	0.6937991	0.67714189183136
238	0.100508458493277	0.65	0.7059103	0.7137837	0.697819881538346
239	0.0376536225434393	0.65	0.6831381	0.684583	0.681653382847445
23	0.0765733506530523	0.65	0.6924277	0.7029279	0.681638045976947
240	0.0455615923274308	0.65	0.6689527	0.6763463	0.66135521919126
241	0.0620895943138748	0.65	0.6849705	0.6936374	0.67606461093039
242	0.0891546602360904	0.65	0.6972509	0.7065918	0.687652430727259
243	0.0317656910512596	0.65	0.670874	0.6718488	0.669872349500875
244	0.0399752430152148	0.65	0.6636082	0.6666208	0.660512455093223
245	0.126471980800852	0.65	0.7209428	0.7352972	0.706192623542177
246	0.130589829059318	0.65	0.7302797	0.7432241	0.716978415965792
247	0.146161671588197	0.65	0.7312109	0.7431353	0.71895763760301
248	0.116906686406583	0.65	0.7052018	0.7167231	0.693362806254321
249	0.0488816064782441	0.65	0.6832419	0.6863778	0.680019544620885
24	0.131813619844615	0.65	0.7083116	0.7201858	0.696109962224149
250	0.107325343741104	0.65	0.7123828	0.7202531	0.704295540645379
251	0.172822570428252	0.65	0.7363551	0.7509899	0.721316853456939
252	0.13794620144181	0.65	0.7049187	0.7208499	0.688548241973713
253	0.193057643901557	0.65	0.7335323	0.7484333	0.71822036235989
254	0.0943301443010569	0.65	0.7032684	0.7145833	0.691641532180704
255	0.197322699474171	0.65	0.7434461	0.7588109	0.727657608805913
256	0.0810997669585049	0.65	0.6920986	0.7029069	0.680992198168993
257	0.0606206740252674	0.65	0.6804625	0.6903161	0.670337277360452
258	0.0893497295212001	0.65	0.7037303	0.7137479	0.693436382606547
259	0.179291470395401	0.65	0.7373007	0.745617	0.72875504388328
25	0.0185179234016687	0.65	0.6598634	0.6609622	0.658734315816362
260	0.0663899920880795	0.65	0.6843246	0.6927552	0.675661569617997
261	0.198353386577219	0.65	0.7433534	0.7565132	0.729830723693804
262	0.111752617685124	0.65	0.7138773	0.7286828	0.698663657644127
263	0.0877281971741468	0.65	0.6919608	0.6972481	0.686527785311625
264	0.109182190196589	0.65	0.7054753	0.7136321	0.697093711051967
265	0.0597061386331916	0.65	0.6796212	0.6840206	0.675100532573682
266	0.0405656344257295	0.65	0.6805705	0.6841985	0.676842458953908
267	0.17846520380117	0.65	0.7323005	0.7465931	0.71761379731925
268	0.00104897120036185	0.65	0.6501393	0.6496298	0.650662852415325
269	0.00465369992889464	0.65	0.6574419	0.6559914	0.658932460993999
26	0.0813823545351625	0.65	0.6850501	0.693503	0.676364139685768
270	0.127169001800939	0.65	0.7077331	0.7228353	0.692214551281416
271	0.056985925976187	0.65	0.6833046	0.6906844	0.675721295373883
272	0.0140887881163508	0.65	0.6650804	0.6669695	0.663139145116289
273	0.026284914277494	0.65	0.6658637	0.66193	0.669905942727515
274	0.145878749201074	0.65	0.7216894	0.7372541	0.705695625488567
275	0.0365904623642564	0.65	0.6623469	0.6622317	0.662465260060946
276	0.129096078500152	0.65	0.7135069	0.7278656	0.698752382352071
277	0.136520088929683	0.65	0.7109524	0.7219006	0.699702341887272
278	0.0317552637774497	0.65	0.6617048	0.6636079	0.659749097878178
279	0.0969109238125384	0.65	0.6960061	0.7064187	0.685306369957918
27	0.0293150241021067	0.65	0.6551958	0.6596633	0.650605240719295
280	0.03881024136208	0.65	0.6570801	0.6658412	0.648077490170406
281	0.0341883688233793	0.65	0.6747467	0.6770969	0.672331720387264
282	0.0205305508803576	0.65	0.6562183	0.6577744	0.654619281935194
283	0.0411500593647361	0.65	0.6743484	0.6781702	0.670421133401029
284	0.171976420143619	0.65	0.7366537	0.7537863	0.719048675741076
285	0.100427223043516	0.65	0.706481	0.7202085	0.692375019922489
286	0.00829290850088	0.65	0.6629628	0.6651072	0.660759313042832
287	0.00441400175914168	0.65	0.654089	0.6503169	0.657965221737401
288	0.0972838373854756	0.65	0.6984722	0.7091101	0.687540906028895
289	0.0243704094085842	0.65	0.6695479	0.6701967	0.668881210381905
28	0.14676969232969	0.65	0.7239967	0.7392814	0.708290721552155
290	0.177305715344846	0.65	0.738286	0.7505333	0.725701026417321
291	0.0205762772355229	0.65	0.6636849	0.6676459	0.659614790249514
292	0.0913469577673823	0.65	0.693764	0.7046613	0.68256621007981
293	0.053464879328385	0.65	0.6775149	0.6829163	0.671964443769226
294	0.161334310797974	0.65	0.7297967	0.7462452	0.71289466202051
295	0.138390675047413	0.65	0.7139706	0.7276277	0.699936960685793
296	0.00417128382250667	0.65	0.6619696	0.6570688	0.667005549264829
297	0.0516293222084641	0.65	0.6851408	0.6928484	0.677220659393743
298	0.0722613211721182	0.65	0.6871367	0.6971664	0.676830438885572
299	0.130438859388232	0.65	0.7007626	0.7108264	0.690421379197187
29	0.0673134813085198	0.65	0.6878546	0.6968646	0.678596297523206
2	0.094470438035205	0.65	0.7031796	0.7127557	0.693339478479617
300	0.0269166588317603	0.65	0.660492	0.6594792	0.661532729831203
301	0.149601463181898	0.65	0.7276485	0.7342941	0.720819758117089
302	0.00153822852298617	0.65	0.6494861	0.6509058	0.648027355039666
303	0.169299709936604	0.65	0.7410644	0.7608847	0.720697604855616
304	0.0316251248121262	0.65	0.6737517	0.6801879	0.667138034825866
305	0.195956654241309	0.65	0.7403631	0.7535841	0.726777514466032
306	0.170973013481125	0.65	0.7347074	0.7530019	0.715908515705487
307	0.0934908118564636	0.65	0.6938045	0.7013256	0.686076139797744
308	0.183012768672779	0.65	0.7374879	0.7531197	0.721425014515609
309	0.127012445172295	0.65	0.7177147	0.7299357	0.705156861890534
30	0.0391776350792497	0.65	0.6820227	0.6854704	0.678479896617587
310	0.148948665522039	0.65	0.7167229	0.7292951	0.703804130114967
311	0.165544485021383	0.65	0.7341161	0.7471518	0.720721023175611
312	0.174744505947456	0.65	0.7419964	0.7608202	0.72265359669673
313	0.0332969127222896	0.65	0.6766584	0.6841406	0.66896991339824
314	0.0888787671457976	0.65	0.7016599	0.7175278	0.68535447654045
315	0.162478084303439	0.65	0.7233091	0.7335096	0.712827441755335
316	0.148127015074715	0.65	0.7292325	0.7416352	0.716487972331284
317	0.124726314516738	0.65	0.7099632	0.7221333	0.697457459231744
318	0.0177120628766716	0.65	0.6573182	0.6595332	0.655042150930594
319	0.00599022847600281	0.65	0.6608516	0.6651818	0.656402056709385
31	0.0581086421385408	0.65	0.6797259	0.6902762	0.668884605431875
320	0.195493887690827	0.65	0.7293216	0.744563	0.713660041014663
321	0.174257459817454	0.65	0.7312594	0.7417241	0.720506145520648
322	0.0571283293422312	0.65	0.6773476	0.6802127	0.674403571956171
323	0.014435145817697	0.65	0.6595713	0.6602182	0.658906483697852
324	0.168211943283677	0.65	0.7272167	0.7440994	0.709868630331453
325	0.175800632592291	0.65	0.7312524	0.7421475	0.720056961212922
326	0.0064751859754324	0.65	0.6520849	0.6516641	0.652517158069363
327	0.196799704246223	0.65	0.7350235	0.7509286	0.718679823935068
328	0.0761976906098425	0.65	0.6858559	0.6915506	0.680004166732826
329	0.0289242616388947	0.65	0.6586016	0.6668675	0.650107807036937
32	0.0100244267843664	0.65	0.6560653	0.6563765	0.655745537648601
330	0.0717821998056024	0.65	0.6846367	0.6969462	0.671987725998531
331	0.0607865047641098	0.65	0.6997399	0.7057806	0.693532633803482
332	0.14031555140391	0.65	0.7093094	0.7188568	0.69949884682435
333	0.0806583560537547	0.65	0.6859109	0.6991599	0.6722965610852
334	0.173322867648676	0.65	0.7262342	0.7377889	0.714360842492081
335	0.160033820895478	0.65	0.7240152	0.7386517	0.708975229755637
336	0.141558686224744	0.65	0.7198006	0.7328453	0.70639629142666
337	0.146611435199156	0.65	0.7230414	0.7360654	0.70965840474994
338	0.123982707690448	0.65	0.706864	0.7171518	0.696292559671266
339	0.166408363962546	0.65	0.7212401	0.7357254	0.706355340994312
33	0.137331563280895	0.65	0.7310054	0.7452798	0.716337550432343
340	0.00689715542830527	0.65	0.6468254	0.6456597	0.648023117081448
341	0.199339220905676	0.65	0.732316	0.7506815	0.713444044740092
342	0.0816646778024733	0.65	0.697523	0.7025984	0.692307683231514
343	0.129299387009814	0.65	0.7081494	0.7216689	0.694257223475553
344	0.117410392593592	0.65	0.7102817	0.7213796	0.698877914099028
345	0.0522407398559153	0.65	0.6737597	0.6760689	0.671386728678052
346	0.0491740613244474	0.65	0.6781689	0.684031	0.672145203725202
347	0.118038394208997	0.65	0.7137373	0.7250203	0.702143225879832
348	0.19547812724486	0.65	0.7394201	0.75227	0.726215898044339
349	0.0460916506592184	0.65	0.6731863	0.6810461	0.665109792549309
34	0.116015264438465	0.65	0.7041769	0.7161249	0.691899450475627
350	0.102847210876644	0.65	0.7012786	0.7114782	0.690797753543051
351	0.0839648856781423	0.65	0.7049495	0.7133603	0.696306734664554
352	0.069939054409042	0.65	0.6849772	0.6943764	0.675318874428523
353	0.11335016740486	0.65	0.7083801	0.720539	0.695885899573998
354	0.180011271080002	0.65	0.747181	0.7586667	0.735378533047162
355	0.0734592216555029	0.65	0.6857093	0.694747	0.676422473010243
356	0.188426654785872	0.65	0.7254617	0.7412598	0.709227958408504
357	0.0933032777626067	0.65	0.6896029	0.6974326	0.681557331991462
358	0.120395532110706	0.65	0.7216064	0.7285331	0.714488780850788
359	0.0469386641867459	0.65	0.677575	0.6807363	0.674326571683465
35	0.0463322818744928	0.65	0.6720983	0.6720995	0.672097149949305
360	0.0316691506654024	0.65	0.6542019	0.6646318	0.643484341778589
361	0.0758101421874017	0.65	0.6986603	0.7050957	0.692047392449476
362	0.031220760056749	0.65	0.6613463	0.6670756	0.65545912823211
363	0.0780675705056638	0.65	0.6910326	0.7005747	0.681227454998186
364	0.0872250129468739	0.65	0.697355	0.7045604	0.689950875370231
365	0.104859978286549	0.65	0.7073258	0.7179275	0.696431874836376
366	0.0209209280554205	0.65	0.6670316	0.6728848	0.661017000022608
367	0.1603841944132	0.65	0.7326718	0.7440257	0.721004960909999
368	0.0910724530927837	0.65	0.704972	0.7144604	0.695222106873308
369	0.0861723463982344	0.65	0.7135558	0.7230696	0.703779791265781
36	0.156778925657272	0.65	0.7319531	0.7454847	0.718048346470181
370	0.0805801208131015	0.65	0.6892428	0.690849	0.687592333525929
371	0.163747183792293	0.65	0.7288473	0.7452691	0.711972753644331
372	0.0304475595708936	0.65	0.6658845	0.6716714	0.659938184584549
373	0.0552490419708192	0.65	0.6796279	0.6865604	0.672504326207185
374	0.163503170665354	0.65	0.7287607	0.7431822	0.713941588556888
375	0.0929056872148067	0.65	0.6871119	0.6974419	0.676497056535572
376	0.169931530626491	0.65	0.7406468	0.7512789	0.729721535318265
377	0.134247496025637	0.65	0.7166785	0.7254835	0.707630681338999
378	0.09958869908005	0.65	0.7117371	0.719833	0.70341802485973
379	0.0956066829152405	0.65	0.6962415	0.7019066	0.690420290918806
37	0.132059071818367	0.65	0.7173403	0.7288562	0.705506956493713
380	0.18419112986885	0.65	0.7427123	0.7593235	0.725643059803396
381	0.0467786538880318	0.65	0.6657899	0.6717768	0.659638013698851
382	0.17289169174619	0.65	0.7321085	0.7503738	0.71333954208482
383	0.11497661168687	0.65	0.7014555	0.70735	0.695398445312883
384	0.00504147540777922	0.65	0.6564146	0.6560885	0.656749776493148
385	0.0454573716502637	0.65	0.6768545	0.6780238	0.675652882575904
386	0.178407438285649	0.65	0.7252742	0.740202	0.709934811869815
387	0.194783698627725	0.65	0.7407961	0.7530205	0.728234552761252
388	0.0566370484884828	0.65	0.6844392	0.6901398	0.67858150077304
389	0.116853344487026	0.65	0.7156244	0.7279074	0.703002815921171
38	0.150261492235586	0.65	0.7217075	0.7360536	0.706965873577997
390	0.15603450294584	0.65	0.7514486	0.7624212	0.740173607928937
391	0.19962091720663	0.65	0.7448958	0.7628059	0.72649182132078
392	0.104161077504978	0.65	0.7075956	0.7169632	0.697969709035374
393	0.133945068251342	0.65	0.7224161	0.7359385	0.708520898275013
394	0.157503433665261	0.65	0.7252471	0.7413546	0.708695498792684
395	0.0570795321371406	0.65	0.6822786	0.6847275	0.679762224878616
396	0.113566547399387	0.65	0.7191154	0.733082	0.704763838016773
397	0.169158041570336	0.65	0.7254738	0.7480548	0.702270317085336
398	0.168319496000186	0.65	0.7303558	0.7450149	0.715292593307042
399	0.161007802980021	0.65	0.7228707	0.7414806	0.70374778314429
39	0.0291990415193141	0.65	0.6673203	0.6706904	0.663857230128859
3	0.138618022296578	0.65	0.7227284	0.736159	0.708927461093281
400	0.0655641516204923	0.65	0.6785317	0.6813055	0.675681334246059
401	0.116861012158915	0.65	0.7078692	0.7183575	0.697091809147277
402	0.10050447518006	0.65	0.6953023	0.7080812	0.682171024471563
403	0.189783359505236	0.65	0.7401985	0.7551873	0.724796428757562
404	0.10413200519979	0.65	0.7060595	0.7121865	0.699763710364444
405	0.00731370532885194	0.65	0.6617231	0.6627245	0.660694036583379
406	0.0822619752027094	0.65	0.7016322	0.7102639	0.692762561005943
407	0.143755205534399	0.65	0.7261347	0.7452421	0.706500536898561
408	0.0177123431582004	0.65	0.6594775	0.6615953	0.657301194786479
409	0.0735497519373894	0.65	0.671979	0.680641	0.66307813698443
40	0.112579506915063	0.65	0.7101557	0.7236272	0.696312712156142
410	0.11838652594015	0.65	0.7038515	0.7197231	0.687542395024653
411	0.0776669482700527	0.65	0.6828344	0.6900646	0.67540496929277
412	0.143319607432932	0.65	0.7173176	0.7318418	0.702392901938391
413	0.0503605063073337	0.65	0.6747891	0.6851914	0.664100117896075
414	0.142341796448454	0.65	0.7222794	0.7336291	0.710616640240568
415	0.181733858445659	0.65	0.7325089	0.7470346	0.71758263966892
416	0.0102402263786644	0.65	0.6476777	0.650376	0.644904998595606
417	0.0643887621350586	0.65	0.6860686	0.6922069	0.679760966808053
418	0.0256421897560358	0.65	0.6598621	0.6642696	0.655333062062757
419	0.164989271387458	0.65	0.7216784	0.7333413	0.709693905100492
41	0.0896074302494526	0.65	0.6953037	0.7059624	0.684351168543534
420	0.0360994393005967	0.65	0.6865376	0.686311	0.686770413967521
421	0.041936782700941	0.65	0.6662949	0.6708686	0.661595014355857
422	0.105815504444763	0.65	0.6883165	0.6963463	0.680065372532526
423	0.136262142285705	0.65	0.7159765	0.7276466	0.703984651297673
424	0.182611503638327	0.65	0.7255638	0.7422041	0.708464792177139
425	0.138179607316852	0.65	0.7119798	0.7247423	0.69886542275371
426	0.0019407207146287	0.65	0.6628226	0.6670013	0.658528796001334
427	0.184458664199337	0.65	0.7502356	0.7668499	0.733163156580429
428	0.0991618906613439	0.65	0.7136307	0.7212076	0.70584479752926
429	0.0102509608026594	0.65	0.6621797	0.6589439	0.665504800896838
42	0.0304611986503005	0.65	0.6597467	0.6692375	0.649994269230803
430	0.140011041518301	0.65	0.7250088	0.7393181	0.710304973882546
431	0.0821058354806155	0.65	0.6955363	0.7001888	0.690755512738421
432	0.10678314412944	0.65	0.708706	0.7177408	0.699422128894118
433	0.188906645495445	0.65	0.7394086	0.754978	0.723409986909013
434	0.0816944713704288	0.65	0.6911964	0.6961885	0.686066600485412
435	0.0184566741809249	0.65	0.6580602	0.6670542	0.648818152532192
436	0.11768587785773	0.65	0.7060062	0.716691	0.695026826175564
437	0.0276759326923639	0.65	0.6761634	0.6803557	0.671855564127112
438	0.138374399486929	0.65	0.714228	0.7262533	0.701871224397153
439	0.0295055233407766	0.65	0.6665008	0.6672811	0.665698943513561
43	0.0245826112106442	0.65	0.6680946	0.671168	0.664936484009121
440	0.0236122244037688	0.65	0.6716827	0.6745568	0.66872934212445
441	0.045868872012943	0.65	0.6685851	0.6738087	0.66321751075174
442	0.128107339469716	0.65	0.7137573	0.7244387	0.702781355361257
443	0.144283956987783	0.65	0.7185263	0.734168	0.702453382401495
444	0.116976725775748	0.65	0.7105717	0.7238716	0.69690504182223
445	0.1323870385997	0.65	0.7187901	0.7287318	0.708574252660269
446	0.146037642331794	0.65	0.72191	0.7384681	0.704895415177121
447	0.144325562752783	0.65	0.7296745	0.739712	0.719360184205743
448	0.164565214794129	0.65	0.725812	0.742054	0.70912207037006
449	0.114368238439783	0.65	0.7008516	0.7125499	0.688830799113195
44	0.0398620443884283	0.65	0.671321	0.6836411	0.658661172319784
450	0.100859555741772	0.65	0.700868	0.7130825	0.688316699099016
451	0.0425443968269974	0.65	0.666927	0.6728777	0.660812252740582
452	0.0316925141960382	0.65	0.6731691	0.6788603	0.667320865484513
453	0.0975495556369424	0.65	0.7051568	0.7206187	0.689268536003821
454	0.0899500176776201	0.65	0.6964424	0.7037548	0.688928374745134
455	0.165819409256801	0.65	0.7303329	0.7486842	0.711475703763315
456	0.0669973582960665	0.65	0.6718486	0.6769503	0.666606194637634
457	0.193753654602915	0.65	0.7357278	0.7511273	0.719903795311373
458	0.0763404863420874	0.65	0.6878794	0.6965664	0.678952964099372
459	0.0155159485060722	0.65	0.6577305	0.6614347	0.653924133908277
45	0.121772195072845	0.65	0.7048358	0.7172709	0.69205791779361
460	0.163029977167025	0.65	0.7232034	0.7376109	0.70839854362282
461	0.135953359585255	0.65	0.711264	0.7237451	0.698438738621159
462	0.0957951449789107	0.65	0.694322	0.7037848	0.684598250613768
463	0.106502491561696	0.65	0.7139276	0.7241394	0.703434211711205
464	0.13786436971277	0.65	0.7163326	0.733172	0.699028957752732
465	0.181769823143259	0.65	0.744179	0.7557308	0.732308614599333
466	0.118335403269157	0.65	0.7010532	0.7102207	0.691632976669245
467	0.0890749056823552	0.65	0.7053396	0.7138623	0.69658180962876
468	0.127476018387824	0.65	0.7114623	0.7222111	0.70041704468912
469	0.0355248051695526	0.65	0.6586323	0.6634242	0.653708228717427
46	0.0955015322659165	0.65	0.6940852	0.7031854	0.684734104720167
470	0.00110643226653337	0.65	0.6591592	0.6554602	0.662960147832983
471	0.198017936339602	0.65	0.746531	0.7590119	0.733706017160499
472	0.0434451423585415	0.65	0.671354	0.6778803	0.664647752900727
473	0.0782611033879221	0.65	0.6915131	0.700732	0.68204002140339
474	0.00191954961046577	0.65	0.6603235	0.6624536	0.65813460181602
475	0.150148259708658	0.65	0.7234191	0.7322625	0.71433197995509
476	0.103867663955316	0.65	0.7104882	0.7223787	0.69826994873497
477	0.000804162956774235	0.65	0.6399397	0.6399912	0.639886806180189
478	0.13376427674666	0.65	0.7088159	0.7209734	0.696323318168904
479	0.074359076237306	0.65	0.6940827	0.7028539	0.685069578418016
47	0.103815564652905	0.65	0.701233	0.7142345	0.68787308305045
480	0.0165337064303458	0.65	0.6600119	0.6629827	0.656959259972298
481	0.127353021409363	0.65	0.7097618	0.7208503	0.698367639832598
482	0.0446583243086934	0.65	0.667481	0.6761717	0.658550629771288
483	0.0608898585196584	0.65	0.6881929	0.695774	0.680402684933838
484	0.0261379849165678	0.65	0.663963	0.6682696	0.659537673341998
485	0.194797102641314	0.65	0.7340693	0.7486201	0.719117446170009
486	0.127169468253851	0.65	0.7128307	0.7245344	0.700804286741868
487	0.0842073740903288	0.65	0.689447	0.698542	0.680101292333223
488	0.0530296152923256	0.65	0.6897634	0.6953762	0.683995993726872
489	0.155228229891509	0.65	0.739727	0.7494924	0.729692360922872
48	0.0156304753851146	0.65	0.6616774	0.6665653	0.656654838432325
490	0.0862960381899029	0.65	0.6864168	0.6930677	0.679582543783463
491	0.0845392594579607	0.65	0.6996845	0.7089675	0.690145605456236
492	0.191756732854992	0.65	0.7483086	0.7635021	0.732696208479253
493	0.0788185860030353	0.65	0.6843289	0.6903454	0.678146488880924
494	0.0434224196709692	0.65	0.6620817	0.668262	0.655731006996975
495	0.0685721063986421	0.65	0.6848708	0.6891259	0.680498454459689
496	0.023748339433223	0.65	0.6690019	0.6689189	0.669087204694324
497	0.115729284705594	0.65	0.7074202	0.7204812	0.69399904521041
498	0.0515718038659543	0.65	0.6823157	0.6920315	0.672331942566516
499	0.0537321539595723	0.65	0.678791	0.6841301	0.673304687954327
49	0.181930193165317	0.65	0.7235824	0.738818	0.707926681587368
4	0.153836090909317	0.65	0.7328349	0.7436796	0.721691209008326
500	0.024767054291442	0.65	0.6659846	0.6687706	0.663121747887676
50	0.062236414058134	0.65	0.6808781	0.687144	0.67443942227754
51	0.118774426821619	0.65	0.7025043	0.7145323	0.690144734959929
52	0.180030158907175	0.65	0.7352968	0.7521336	0.717995827303585
53	0.0903955481015146	0.65	0.6904677	0.7037989	0.676768973286992
54	0.126927141286433	0.65	0.7242908	0.7384214	0.709770492467603
55	0.16972212321125	0.65	0.7374645	0.7526384	0.721872341927405
56	0.0277857714798301	0.65	0.6708717	0.6758782	0.665727248219152
57	0.0404035940300673	0.65	0.6791184	0.6822869	0.67586255519011
58	0.137836556881666	0.65	0.7175342	0.7315957	0.703085036664008
59	0.149563026567921	0.65	0.7379268	0.7491175	0.726427500664665
5	0.142317567393184	0.65	0.7156764	0.7255451	0.705535592119405
60	0.137948036100715	0.65	0.7129899	0.7286155	0.696933591318032
61	0.191471999138594	0.65	0.7371364	0.7533387	0.720487401370795
62	0.111073002731428	0.65	0.706301	0.7169786	0.69532895086723
63	0.0396028913557529	0.65	0.6670987	0.6747337	0.659253232144032
64	0.00908963805995882	0.65	0.6502029	0.652521	0.647820935907855
65	0.0170091811567545	0.65	0.6580161	0.6585298	0.657488346831241
66	0.0905131199397147	0.65	0.701358	0.709643	0.692844671412248
67	0.109189719939604	0.65	0.7091785	0.7201521	0.697902285808531
68	0.121892444929108	0.65	0.7244259	0.7343697	0.714207911238362
69	0.197835958981887	0.65	0.7453601	0.7631455	0.727084357179034
6	0.0958194006700069	0.65	0.7074631	0.7179995	0.696636164201119
70	0.0383154979441315	0.65	0.6769515	0.6819129	0.671853252278517
71	0.00123866270296276	0.65	0.6574627	0.6581953	0.656710025763393
72	0.183783632982522	0.65	0.7379416	0.752814	0.722659166863663
73	0.191073272563517	0.65	0.7473653	0.7657528	0.728470824140801
74	0.116259832307696	0.65	0.700733	0.7101748	0.691030836110193
75	0.151206311630085	0.65	0.7284883	0.7457136	0.710788093322185
76	0.072333893738687	0.65	0.6896753	0.697611	0.681520773044426
77	0.14777866890654	0.65	0.7254465	0.7415451	0.708904038183371
78	0.12748205550015	0.65	0.7093706	0.7232389	0.695120041211365
79	0.073121222294867	0.65	0.7038613	0.7099677	0.697586449667362
7	0.191643459908664	0.65	0.7422664	0.758826	0.725250206007221
80	0.179420352028683	0.65	0.7394321	0.7533548	0.725125591570103
81	0.0444235194474459	0.65	0.6713678	0.6764667	0.666128279389208
82	0.0928772614337504	0.65	0.6895967	0.7011105	0.677765418858805
83	0.0489490343257785	0.65	0.6659513	0.6731791	0.658524244519145
84	0.165544876130298	0.65	0.7279113	0.7378197	0.717729800431757
85	0.177137188008055	0.65	0.7395386	0.7595138	0.719012680454524
86	0.0444177600089461	0.65	0.6755287	0.6793538	0.671598170534455
87	0.0587125681340694	0.65	0.6802043	0.6893086	0.670849059214821
88	0.158641694812104	0.65	0.7232125	0.7356747	0.710406640547353
89	0.0647422681562603	0.65	0.6661984	0.670799	0.661470905576147
8	0.0770191975403577	0.65	0.6989944	0.706186	0.691604591445865
90	0.178598120994866	0.65	0.7228776	0.73725	0.708108932155205
91	0.104646567441523	0.65	0.698355	0.7113011	0.685051999700409
92	0.146576779009774	0.65	0.7242559	0.7322792	0.716011371644288
93	0.160482846386731	0.65	0.7321175	0.7454251	0.718443091119241
94	0.145570127014071	0.65	0.7144256	0.725985	0.702547433412996
95	0.0484240954276174	0.65	0.6676645	0.670516	0.664734320717043
96	0.0848480383399874	0.65	0.697605	0.7062423	0.688729539158054
97	0.0413323435932398	0.65	0.6675759	0.6732159	0.661780426281632
98	0.126762592373416	0.65	0.7091027	0.7192405	0.698685278650436
99	0.094625757727772	0.65	0.6964633	0.6967573	0.69616119946151
9	0.0934078946243972	0.65	0.6822931	0.6945882	0.669658954267343
